   2  216
1 1
    13.387317289215897     0.000000000000000    -0.000000000000000
    -0.000000000000000    13.387317289215890    -0.000000000000002
    -0.000000000000000    -0.000000000000054    13.387317289215897
1 2
     0.423638659724215     0.100143321555079     0.100143321559983
    -0.105730712254136    -0.169596266463165    -0.159307365281778
    -0.105730712256532    -0.159307365277849    -0.169596266464912
1 3
     0.108818724192723     0.021866569536679     0.021866569537764
    -0.021219095935297    -0.000572867520899    -0.012894332194201
    -0.021219095935858    -0.012894332193892    -0.000572867521265
1 4
     0.121620947012161    -0.000000000000530     0.000000000000486
     0.000000000000530     0.002031252903467    -0.000000000000000
    -0.000000000000486    -0.000000000000000     0.002031252903467
1 5
     0.108818724192754    -0.021866569537543    -0.021866569536990
     0.021219095936161    -0.000572867521281    -0.012894332194222
     0.021219095935084    -0.012894332193902    -0.000572867520915
1 6
     0.423638659724367    -0.100143321559041    -0.100143321556577
     0.105730712258098    -0.169596266464989    -0.159307365281806
     0.105730712253126    -0.159307365277972    -0.169596266463240
1 7
    -0.169596266463165    -0.105730709305561    -0.159307363060740
     0.100143324346806     0.423638659723531     0.100143322954306
    -0.159307367498204    -0.105730710780364    -0.169596266464229
1 8
    -0.017264287102999     0.026751465693923    -0.012135576760109
     0.026751466439680    -0.017264287102973    -0.012135576929126
    -0.004362846995268    -0.004362846934600     0.000797154511811
1 9
    -0.004999385557477     0.016888876195978    -0.003573822703151
     0.017020250142345     0.000733927295345     0.001494342500287
     0.003213734616784    -0.001497591330534     0.001991926831334
1 10
    -0.004999385557479     0.003573822703111    -0.016888876196182
    -0.003213734616826     0.001991926831337    -0.001497591330575
    -0.017020250142140     0.001494342500258     0.000733927295345
1 11
    -0.017264287103002     0.012135576759964    -0.026751465694250
     0.004362846995316     0.000797154511814    -0.004362846934718
    -0.026751466439349    -0.012135576928816    -0.017264287102973
1 12
    -0.169596266463241     0.159307363058836     0.105730709307028
     0.159307367500183    -0.169596266464229    -0.105730710782958
    -0.100143324345842     0.100143322951963     0.423638659723608
1 13
    -0.000572867520899    -0.021219095343611    -0.012894332014388
     0.021866570146333     0.108818724192579     0.021866569842286
    -0.012894332373562    -0.021219095639638    -0.000572867521122
1 14
     0.000733927295355     0.017020249667817     0.001494342479395
     0.016888876666811    -0.004999385557454    -0.003573822752890
    -0.001497591351350     0.003213734571907     0.001991926831302
1 15
    -0.001736107995798     0.003762408575701    -0.003762408575748
     0.003762408680569    -0.001736107995798    -0.003762408628182
    -0.003762408680522    -0.003762408628088    -0.001736107995798
1 16
     0.000733927295356    -0.001494342479378    -0.017020249668025
     0.001497591351366     0.001991926831301     0.003213734571978
    -0.016888876666602    -0.003573822752797    -0.004999385557454
1 17
    -0.000572867520915     0.012894332014239     0.021219095343902
     0.012894332373727    -0.000572867521121    -0.021219095640151
    -0.021866570146115     0.021866569841766     0.108818724192595
1 18
     0.001264162650449     0.012130751904425    -0.012130751904590
     0.004515503582055    -0.017533227576037    -0.027202296369528
    -0.004515503581983    -0.027202296368859    -0.017533227576040
1 19
     0.002031252903467     0.000000000000530     0.000000000000000
    -0.000000000000530     0.121620947012161     0.000000000000088
    -0.000000000000000    -0.000000000000089     0.002031252903467
1 20
     0.001991926831327    -0.003213734527168    -0.001497591309685
     0.003573822802695    -0.004999385557480    -0.016888876431576
     0.001494342521096    -0.017020249904892     0.000733927295355
1 21
     0.001991926831323     0.001497591309660     0.003213734527198
    -0.001494342521108     0.000733927295356    -0.017020249905305
    -0.003573822802643    -0.016888876431163    -0.004999385557477
1 22
     0.002031252903467     0.000000000000000    -0.000000000000486
    -0.000000000000000     0.002031252903467    -0.000000000000088
     0.000000000000486     0.000000000000088     0.121620947012161
1 23
     0.001991926831295    -0.001497591309534    -0.003213734527292
     0.001494342520980     0.000733927295330    -0.017020249905322
     0.003573822802736    -0.016888876431182    -0.004999385557422
1 24
     0.001991926831291     0.003213734527244     0.001497591309545
    -0.003573822802770    -0.004999385557420    -0.016888876431592
    -0.001494342520956    -0.017020249904905     0.000733927295331
1 25
    -0.000572867521281     0.021219095344561    -0.012894332014550
    -0.021866570147283     0.108818724192897    -0.021866569842239
    -0.012894332373717     0.021219095639590    -0.000572867521058
1 26
     0.000797154511840     0.004362846873786    -0.004362846873856
     0.012135577098165    -0.017264287103002    -0.026751466067116
    -0.012135577098001    -0.026751466066458    -0.017264287102999
1 27
    -0.000572867521265     0.012894332014385    -0.021219095344771
     0.012894332373867    -0.000572867521058     0.021219095640094
     0.021866570146984    -0.021866569841709     0.108818724192882
1 28
     0.000733927295330     0.001494342479364    -0.017020249668052
    -0.001497591351352     0.001991926831317    -0.003213734572118
    -0.016888876666631     0.003573822752936    -0.004999385557444
1 29
    -0.002305036848534     0.003543656518671    -0.003543656518716
     0.003543656617442    -0.002305036848534    -0.003543656568101
    -0.003543656617398    -0.003543656568012    -0.002305036848534
1 30
     0.000733927295331     0.017020249667841    -0.001494342479380
     0.016888876666838    -0.004999385557444     0.003573822753017
     0.001497591351335    -0.003213734572034     0.001991926831316
1 31
    -0.169596266464989     0.105730709310580    -0.159307363061471
    -0.100143324351826     0.423638659725051    -0.100143322954842
    -0.159307367498992     0.105730710780896    -0.169596266463924
1 32
    -0.169596266464913     0.159307363059493    -0.105730709311610
     0.159307367500894    -0.169596266463925     0.105730710783376
     0.100143324350423    -0.100143322952379     0.423638659724975
1 33
    -0.017533227576037     0.004515503456271    -0.027202295990353
     0.012130752242491     0.001264162650474    -0.012130752073711
    -0.027202296748009    -0.004515503518991    -0.017533227576065
1 34
    -0.004999385557419    -0.003573822703074    -0.016888876196174
     0.003213734616789     0.001991926831281     0.001497591330428
    -0.017020250142132    -0.001494342500109     0.000733927295341
1 35
    -0.004999385557422     0.016888876195971     0.003573822703119
     0.017020250142337     0.000733927295341    -0.001494342500150
    -0.003213734616753     0.001497591330399     0.001991926831284
1 36
    -0.017533227576040     0.027202295990017    -0.004515503456321
     0.027202296748342    -0.017533227576065    -0.004515503519113
    -0.012130752242346    -0.012130752073400     0.001264162650477
1 37
    -0.169596266464913    -0.159307363059650    -0.105730709312782
    -0.159307367501042    -0.169596266464229    -0.105730710785188
     0.100143324349773     0.100143322952370     0.423638659725279
1 38
    -0.017264287102933    -0.012135576759705     0.026751465694212
    -0.004362846995512     0.000797154511745    -0.004362846934517
     0.026751466439457    -0.012135576928954    -0.017264287102973
1 39
    -0.004999385557420    -0.003573822703061     0.016888876196123
     0.003213734616752     0.001991926831277    -0.001497591330400
     0.017020250142174     0.001494342500136     0.000733927295346
1 40
    -0.004999385557423    -0.016888876195915     0.003573822703108
    -0.017020250142383     0.000733927295346     0.001494342500180
    -0.003213734616714    -0.001497591330368     0.001991926831279
1 41
    -0.017264287102936    -0.026751465693887     0.012135576759855
    -0.026751466439778    -0.017264287102973    -0.012135576929236
     0.004362846995453    -0.004362846934422     0.000797154511748
1 42
    -0.169596266464989     0.105730709311674     0.159307363061627
    -0.100143324351248     0.423638659725355     0.100143322954904
     0.159307367499141    -0.105730710782634    -0.169596266464229
1 43
     0.000797154511771    -0.004362846873953    -0.004362846873626
    -0.012135577097988    -0.017264287102933     0.026751466067077
    -0.012135577098220     0.026751466066566    -0.017264287102999
1 44
    -0.002305036848534     0.003543656518648     0.003543656518721
     0.003543656617466    -0.002305036848534     0.003543656568130
     0.003543656617393     0.003543656567984    -0.002305036848534
1 45
    -0.002090581053153    -0.000000000000000     0.000000000000001
     0.000000000000000    -0.001959437803661     0.000246409094200
    -0.000000000000001     0.000246409094194    -0.001959437803661
1 46
    -0.002305036848534    -0.003543656518676    -0.003543656518690
    -0.003543656617437    -0.002305036848534     0.003543656568070
    -0.003543656617424     0.003543656568044    -0.002305036848534
1 47
     0.000797154511777     0.004362846873576     0.004362846874009
     0.012135577098365    -0.017264287103002     0.026751466067214
     0.012135577097836     0.026751466066423    -0.017264287102936
1 48
    -0.004151496570701    -0.000000000000089     0.000000000000082
     0.000000000000089    -0.023875386588013     0.000417128109820
    -0.000000000000082     0.000417128109810    -0.023875386588013
1 49
     0.001991926831267     0.003213734527103    -0.001497591309530
    -0.003573822802636    -0.004999385557420     0.016888876431555
     0.001494342520951     0.017020249904888     0.000733927295356
1 50
    -0.001959437803661    -0.000000000000000     0.000246409090765
     0.000000000000000    -0.002090581053153     0.000000000000001
     0.000246409097629    -0.000000000000001    -0.001959437803661
1 51
    -0.001959437803661    -0.000246409090762     0.000000000000000
    -0.000246409097632    -0.001959437803661    -0.000000000000001
    -0.000000000000000     0.000000000000001    -0.002090581053153
1 52
     0.001991926831268     0.001497591309518    -0.003213734527139
    -0.001494342520975     0.000733927295357     0.017020249905302
     0.003573822802588     0.016888876431142    -0.004999385557422
1 53
    -0.002236523980807    -0.000000000000047    -0.003153315809651
     0.000000000000042    -0.012257223802162    -0.000000000000014
     0.003483782034348    -0.000000000000015    -0.012033808726440
1 54
    -0.002236523980810     0.003153315809609     0.000000000000043
    -0.003483782034387    -0.012033808726437    -0.000000000000014
    -0.000000000000038    -0.000000000000013    -0.012257223802162
1 55
     0.000733927295356    -0.017020249667866     0.001494342479402
    -0.016888876666758    -0.004999385557445     0.003573822752893
    -0.001497591351296    -0.003213734571883     0.001991926831292
1 56
    -0.002305036848534    -0.003543656518642     0.003543656518684
    -0.003543656617471    -0.002305036848534    -0.003543656568099
     0.003543656617429    -0.003543656568015    -0.002305036848534
1 57
     0.000733927295357    -0.001494342479382     0.017020249668070
     0.001497591351315     0.001991926831291    -0.003213734571955
     0.016888876666553     0.003573822752799    -0.004999385557445
1 58
    -0.000572867520915    -0.012894332014207     0.021219095344071
    -0.012894332373694    -0.000572867521058     0.021219095640178
    -0.021866570145902    -0.021866569841411     0.108818724192532
1 59
     0.000797154511708    -0.004362846873729     0.004362846873766
    -0.012135577098223    -0.017264287102933    -0.026751466067176
     0.012135577098091    -0.026751466066530    -0.017264287102936
1 60
    -0.000572867520899    -0.021219095343764     0.012894332014356
     0.021866570146136     0.108818724192516    -0.021866569841947
     0.012894332373529     0.021219095639648    -0.000572867521058
1 61
    -0.017264287102999    -0.026751465693941    -0.012135576760041
    -0.026751466439673    -0.017264287102962     0.012135576928992
    -0.004362846995267     0.004362846934666     0.000797154511800
1 62
    -0.017264287103002     0.012135576759905     0.026751465694268
     0.004362846995312     0.000797154511803     0.004362846934780
     0.026751466439343     0.012135576928691    -0.017264287102962
1 63
    -0.012257223802162     0.000000000000030    -0.000000000000015
    -0.000000000000057    -0.002236523980785    -0.003153315853640
    -0.000000000000015     0.003483781985818    -0.012033808726462
1 64
    -0.017264287102933    -0.012135576759843    -0.026751465694230
    -0.004362846995437     0.000797154511734     0.004362846934508
    -0.026751466439450     0.012135576929026    -0.017264287102962
1 65
    -0.017264287102936     0.026751465693905     0.012135576760002
     0.026751466439772    -0.017264287102962     0.012135576929316
     0.004362846995375     0.004362846934410     0.000797154511737
1 66
    -0.012257223802162     0.000000000000014    -0.000000000000025
     0.000000000000013    -0.012033808726462     0.003483781985903
     0.000000000000055    -0.003153315853563    -0.002236523980785
1 67
     0.423638659726039    -0.100143321560186     0.100143321561246
     0.105730712259548    -0.169596266464989     0.159307365282665
    -0.105730712258100     0.159307365278787    -0.169596266464913
1 68
    -0.023875386588013     0.000000000000088     0.000417128104006
    -0.000000000000088    -0.004151496570701     0.000000000000016
     0.000417128115625    -0.000000000000016    -0.023875386588013
1 69
    -0.012033808726437    -0.003483781937262    -0.000000000000002
     0.003153315897521    -0.002236523980810     0.000000000000020
    -0.000000000000003     0.000000000000007    -0.012257223802162
1 70
     0.108818724192373     0.021866569536542    -0.021866569536844
    -0.021219095935224    -0.000572867520899     0.012894332194028
     0.021219095935001     0.012894332193714    -0.000572867520915
1 71
    -0.012033808726440     0.000000000000002     0.003483781937308
     0.000000000000003    -0.012257223802162     0.000000000000008
    -0.003153315897486     0.000000000000021    -0.002236523980807
1 72
    -0.023875386588013    -0.000417128104001    -0.000000000000080
    -0.000417128115630    -0.023875386588013    -0.000000000000016
     0.000000000000080     0.000000000000016    -0.004151496570701
1 73
    -0.000572867521265    -0.012894332014416    -0.021219095344978
    -0.012894332373899    -0.000572867521121    -0.021219095640444
     0.021866570146810     0.021866569841677     0.108818724192945
1 74
     0.000733927295331     0.001494342479418     0.017020249668100
    -0.001497591351351     0.001991926831327     0.003213734572117
     0.016888876666587    -0.003573822752959    -0.004999385557455
1 75
    -0.001736107995798    -0.003762408575670     0.003762408575715
    -0.003762408680600    -0.001736107995798    -0.003762408628180
     0.003762408680555    -0.003762408628091    -0.001736107995798
1 76
     0.000733927295332    -0.017020249667894    -0.001494342479437
    -0.016888876666789    -0.004999385557455    -0.003573822753040
     0.001497591351331     0.003213734572031     0.001991926831326
1 77
    -0.000572867521281     0.021219095344752     0.012894332014582
    -0.021866570147124     0.108818724192961     0.021866569842222
     0.012894332373750    -0.021219095639924    -0.000572867521122
1 78
     0.001264162650578    -0.012130751904371     0.012130751904502
    -0.004515503582109    -0.017533227576105    -0.027202296369457
     0.004515503582071    -0.027202296368801    -0.017533227576102
1 79
     0.001991926831350    -0.001497591309666     0.003213734527346
     0.001494342521124     0.000733927295330     0.017020249905342
    -0.003573822802795     0.016888876431186    -0.004999385557477
1 80
    -0.001959437803661     0.000246409090762     0.000000000000001
     0.000246409097632    -0.001959437803661     0.000000000000001
    -0.000000000000001    -0.000000000000001    -0.002090581053153
1 81
    -0.001959437803661    -0.000000000000001    -0.000246409090765
     0.000000000000001    -0.002090581053153    -0.000000000000001
    -0.000246409097629     0.000000000000001    -0.001959437803661
1 82
     0.001991926831351    -0.003213734527304     0.001497591309690
     0.003573822802835    -0.004999385557480     0.016888876431597
    -0.001494342521112     0.017020249904927     0.000733927295331
1 83
    -0.002236523980751    -0.003153315809696     0.000000000000038
     0.003483782034474    -0.012033808726496     0.000000000000014
    -0.000000000000043     0.000000000000013    -0.012257223802162
1 84
    -0.002236523980753    -0.000000000000042     0.003153315809731
     0.000000000000047    -0.012257223802162     0.000000000000014
    -0.003483782034428     0.000000000000016    -0.012033808726494
1 85
    -0.001736107995798    -0.003762408575707    -0.003762408575720
    -0.003762408680564    -0.001736107995798     0.003762408628149
    -0.003762408680550     0.003762408628121    -0.001736107995798
1 86
    -0.002090581053153     0.000000000000002    -0.000000000000002
    -0.000000000000002    -0.001959437803661    -0.000246409094200
     0.000000000000002    -0.000246409094194    -0.001959437803661
1 87
    -0.001736107995798     0.003762408575676     0.003762408575754
     0.003762408680594    -0.001736107995798     0.003762408628213
     0.003762408680516     0.003762408628057    -0.001736107995798
1 88
     0.001264162650517    -0.012130751904610    -0.012130751904367
    -0.004515503581882    -0.017533227576105     0.027202296369421
    -0.004515503582217     0.027202296368899    -0.017533227576040
1 89
    -0.004151496570701    -0.000000000000086     0.000000000000078
     0.000000000000086    -0.023875386588013    -0.000417128109820
    -0.000000000000078    -0.000417128109810    -0.023875386588013
1 90
     0.001264162650511     0.012130751904222     0.012130751904761
     0.004515503582269    -0.017533227576037     0.027202296369565
     0.004515503581824     0.027202296368761    -0.017533227576102
1 91
    -0.004999385557478    -0.016888876195933    -0.003573822703189
    -0.017020250142400     0.000733927295342    -0.001494342500320
     0.003213734616796     0.001497591330507     0.001991926831339
1 92
    -0.004999385557480     0.003573822703148     0.016888876196141
    -0.003213734616839     0.001991926831341     0.001497591330551
     0.017020250142192    -0.001494342500289     0.000733927295342
1 93
    -0.017533227576105    -0.004515503456068     0.027202295990245
    -0.012130752242756     0.001264162650542    -0.012130752073568
     0.027202296748049    -0.004515503519195    -0.017533227576065
1 94
    -0.169596266463241    -0.159307363058680     0.105730709307730
    -0.159307367500035    -0.169596266463925     0.105730710783019
    -0.100143324344719    -0.100143322950199     0.423638659723303
1 95
    -0.169596266463165    -0.105730709306184     0.159307363060584
     0.100143324345757     0.423638659723228    -0.100143322952617
     0.159307367498056     0.105730710780344    -0.169596266463924
1 96
    -0.017533227576102    -0.027202295989919     0.004515503456128
    -0.027202296748379    -0.017533227576065    -0.004515503519294
     0.012130752242606    -0.012130752073287     0.001264162650539
1 97
     0.108818724193104    -0.021866569537616     0.021866569537846
     0.021219095936297    -0.000572867521281     0.012894332194394
    -0.021219095936003     0.012894332194080    -0.000572867521265
1 98
    -0.012033808726496     0.003483781937349     0.000000000000003
    -0.003153315897608    -0.002236523980751    -0.000000000000005
     0.000000000000001    -0.000000000000022    -0.012257223802162
1 99
    -0.023875386588013     0.000000000000087    -0.000417128104006
    -0.000000000000087    -0.004151496570701     0.000000000000013
    -0.000417128115625    -0.000000000000013    -0.023875386588013
1 100
     0.423638659722544     0.100143321553638    -0.100143321555017
    -0.105730712252999    -0.169596266463165     0.159307365280919
     0.105730712251872     0.159307365277037    -0.169596266463242
1 101
    -0.023875386588013     0.000417128104001    -0.000000000000080
     0.000417128115630    -0.023875386588013    -0.000000000000013
     0.000000000000080     0.000000000000013    -0.004151496570701
1 102
    -0.012033808726494    -0.000000000000004    -0.003483781937388
    -0.000000000000001    -0.012257223802162    -0.000000000000023
     0.003153315897566    -0.000000000000007    -0.002236523980753
1 103
    -0.017533227576105    -0.004515503456145    -0.027202295990252
    -0.012130752242618     0.001264162650553     0.012130752073497
    -0.027202296748031     0.004515503519204    -0.017533227576077
1 104
    -0.012257223802162     0.000000000000059     0.000000000000013
    -0.000000000000032    -0.002236523980775     0.003153315853654
     0.000000000000016    -0.003483781985833    -0.012033808726472
1 105
    -0.017533227576037     0.004515503456275     0.027202295990359
     0.012130752242550     0.001264162650486     0.012130752073837
     0.027202296747991     0.004515503518927    -0.017533227576077
1 106
    -0.017533227576040    -0.027202295990024    -0.004515503456321
    -0.027202296748324    -0.017533227576077     0.004515503519045
    -0.012130752242413     0.012130752073536     0.001264162650488
1 107
    -0.012257223802162    -0.000000000000012    -0.000000000000056
    -0.000000000000015    -0.012033808726472    -0.003483781985918
     0.000000000000027     0.003153315853577    -0.002236523980775
1 108
    -0.017533227576102     0.027202295989925     0.004515503456209
     0.027202296748361    -0.017533227576077     0.004515503519306
     0.012130752242458     0.012130752073207     0.001264162650550
1 109
    -3.289282445287301    -2.303410779115828    -2.303410779163440
    -2.303410843348555    -3.289282445287302    -2.303410811279804
    -2.303410843300935    -2.303410811184569    -3.289282445287293
1 110
    -0.181585697887536     0.052871863720479     0.052871863719527
     0.052386919285803    -0.015355066690859    -0.021782113959102
     0.052386919286760    -0.021782113959465    -0.015355066690863
1 111
    -0.068097570354654     0.001821156489456     0.001821156488950
     0.001619438626438    -0.005470133745147     0.000469483210071
     0.001619438626946     0.000469483210031    -0.005470133745149
1 112
    -0.068097570354654    -0.001821156488905    -0.001821156489455
    -0.001619438626989    -0.005470133745149     0.000469483210042
    -0.001619438626441     0.000469483210060    -0.005470133745147
1 113
    -0.181585697887536    -0.052871863718830    -0.052871863721070
    -0.052386919287452    -0.015355066690864    -0.021782113959996
    -0.052386919285218    -0.021782113958571    -0.015355066690859
1 114
    -3.289282445287301     2.303410779134534     2.303410779143035
     2.303410843329850    -3.289282445287300    -2.303410811240692
     2.303410843321339    -2.303410811223676    -3.289282445287291
1 115
    -0.015355066690859     0.052386917825192    -0.021782113655641
     0.052871865194612    -0.181585697887538     0.052871864457270
    -0.021782114262924     0.052386918555780    -0.015355066690862
1 116
    -0.000110468701250    -0.022005136047552     0.003157873082349
    -0.022005136661018    -0.000110468701250     0.003157873126296
     0.003086567486596     0.003086567443643    -0.000012135157462
1 117
     0.001748962698882    -0.004777378053052     0.004777378053113
    -0.004631380640247     0.002764202956424     0.006028586335263
     0.004631380640188     0.006028586335113     0.002764202956424
1 118
    -0.000110468701250    -0.003157873082309     0.022005136047821
    -0.003086567486634    -0.000012135157462     0.003086567443727
     0.022005136660749     0.003157873126210    -0.000110468701250
1 119
    -0.015355066690859     0.021782113655395    -0.052386917825872
     0.021782114263170    -0.015355066690862     0.052386918557029
    -0.052871865193926     0.052871864456009    -0.181585697887538
1 120
    -0.000702232799708    -0.025470497384224     0.025470497384561
    -0.024708342615907     0.033114675443665     0.038296802082677
     0.024708342615579     0.038296802081726     0.033114675443665
1 121
    -0.005470133745147     0.001619438581282     0.000469483203522
     0.001821156540236    -0.068097570354655     0.001821156514551
     0.000469483216581     0.001619438604158    -0.005470133745148
1 122
     0.002764202956424    -0.004631380511163     0.006028586251243
    -0.004777378186206     0.001748962698881     0.004777378119695
     0.006028586419134     0.004631380575640     0.002764202956425
1 123
     0.002764202956424    -0.006028586251167     0.004631380511220
    -0.006028586419209     0.002764202956425     0.004631380575757
     0.004777378186146     0.004777378119575     0.001748962698881
1 124
    -0.005470133745147    -0.000469483203515    -0.001619438581324
    -0.000469483216588    -0.005470133745148     0.001619438604197
    -0.001821156540191     0.001821156514507    -0.068097570354654
1 125
     0.003414946527400    -0.002691874038893     0.011731121471974
    -0.002885727835866    -0.001673604701422     0.011066620077324
     0.012286457948286     0.010751194670365     0.012511631550770
1 126
     0.003414946527400    -0.011731121471824     0.002691874038927
    -0.012286457948443     0.012511631550770     0.010751194670632
     0.002885727835829     0.011066620077049    -0.001673604701422
1 127
    -0.005470133745149    -0.001619438581836     0.000469483203503
    -0.001821156539682    -0.068097570354653    -0.001821156514639
     0.000469483216598    -0.001619438604069    -0.005470133745148
1 128
    -0.000012135157462    -0.003086567400666     0.003086567400712
    -0.003157873170265    -0.000110468701250     0.022005136354554
     0.003157873170219     0.022005136354016    -0.000110468701250
1 129
    -0.005470133745149    -0.000469483203498     0.001619438581832
    -0.000469483216603    -0.005470133745148    -0.001619438604108
     0.001821156539683    -0.001821156514595    -0.068097570354653
1 130
    -0.005470133745147     0.000469483203513    -0.001619438581338
     0.000469483216590    -0.005470133745148    -0.001619438604119
    -0.001821156540176    -0.001821156514583    -0.068097570354655
1 131
    -0.000012135157461     0.003086567400487    -0.003086567400516
     0.003157873170445    -0.000110468701250     0.022005136354552
    -0.003157873170414     0.022005136354018    -0.000110468701251
1 132
    -0.005470133745147     0.001619438581295    -0.000469483203519
     0.001821156540222    -0.068097570354655    -0.001821156514628
    -0.000469483216584    -0.001619438604078    -0.005470133745148
1 133
    -0.015355066690864    -0.052386917826696    -0.021782113656187
    -0.052871865193107    -0.181585697887534    -0.052871864457708
    -0.021782114262382    -0.052386918555341    -0.015355066690861
1 134
    -0.015355066690863     0.021782113655902     0.052386917827254
     0.021782114262667    -0.015355066690861    -0.052386918556606
     0.052871865192544    -0.052871864456432    -0.181585697887534
1 135
    -0.001673604701421    -0.002885727755492     0.011066619923021
    -0.002691874113865     0.003414946527402     0.011731121635523
     0.010751194820271     0.012286457776996     0.012511631550767
1 136
    -0.000110468701250     0.003157873082343     0.022005136047798
     0.003086567486601    -0.000012135157461    -0.003086567443532
     0.022005136660772    -0.003157873126405    -0.000110468701250
1 137
    -0.000110468701250    -0.022005136047531    -0.003157873082382
    -0.022005136661039    -0.000110468701250    -0.003157873126475
    -0.003086567486562    -0.003086567443464    -0.000012135157461
1 138
    -0.001673604701421    -0.011066619922877     0.002885727755533
    -0.010751194820412     0.012511631550767     0.012286457777301
     0.002691874113826     0.011731121635232     0.003414946527402
1 139
    -3.289282445287301     2.303410779112429    -2.303410779139636
     2.303410843351955    -3.289282445287301     2.303410811259400
    -2.303410843324759     2.303410811205000    -3.289282445287311
1 140
     0.033114675443665    -0.024708341927266     0.038296801548916
    -0.025470498094111    -0.000702232799710     0.025470497739638
     0.038296802615485     0.024708342271124     0.033114675443668
1 141
     0.012511631550769    -0.012286457605951     0.010751194520852
    -0.011731121798833     0.003414946527400     0.002691874076395
     0.011066620231227     0.002885727795660    -0.001673604701422
1 142
    -0.068097570354656     0.001821156489457    -0.001821156489456
     0.001619438626436    -0.005470133745147    -0.000469483210058
    -0.001619438626440    -0.000469483210046    -0.005470133745147
1 143
     0.012511631550768    -0.010751194520726     0.012286457606098
    -0.011066620231358    -0.001673604701421     0.002885727795739
     0.011731121798693     0.002691874076321     0.003414946527401
1 144
     0.033114675443665    -0.038296801548440     0.024708341927563
    -0.038296802615960     0.033114675443668     0.024708342271749
     0.025470498093804     0.025470497738994    -0.000702232799710
1 145
    -0.015355066690863    -0.021782113655825     0.052386917827686
    -0.021782114262745    -0.015355066690862     0.052386918557316
     0.052871865192108     0.052871864455718    -0.181585697887534
1 146
    -0.000110468701250     0.003157873082285    -0.022005136047793
     0.003086567486658    -0.000012135157461     0.003086567443557
    -0.022005136660777     0.003157873126379    -0.000110468701250
1 147
     0.001748962698879     0.004777378053012    -0.004777378053068
     0.004631380640287     0.002764202956426     0.006028586335259
    -0.004631380640233     0.006028586335115     0.002764202956426
1 148
    -0.000110468701250     0.022005136047527    -0.003157873082322
     0.022005136661044    -0.000110468701250     0.003157873126447
    -0.003086567486622     0.003086567443491    -0.000012135157461
1 149
    -0.015355066690864    -0.052386917827090     0.021782113656110
    -0.052871865192710    -0.181585697887533     0.052871864457033
     0.021782114262460     0.052386918556013    -0.015355066690862
1 150
    -0.000702232799720     0.025470497384213    -0.025470497384496
     0.024708342615918     0.033114675443672     0.038296802082652
    -0.024708342615644     0.038296802081738     0.033114675443671
1 151
    -0.000012135157461     0.003086567400670     0.003086567400522
     0.003157873170261    -0.000110468701250    -0.022005136354527
     0.003157873170409    -0.022005136354044    -0.000110468701250
1 152
    -0.000431597777651    -0.000373628018843    -0.000373628018851
    -0.000373628029262    -0.000431597777651    -0.000373628024060
    -0.000373628029254    -0.000373628024045    -0.000431597777651
1 153
    -0.000431597777651     0.000373628018846     0.000373628018847
     0.000373628029259    -0.000431597777651    -0.000373628024054
     0.000373628029257    -0.000373628024051    -0.000431597777651
1 154
    -0.000012135157461    -0.003086567400492    -0.003086567400716
    -0.003157873170439    -0.000110468701250    -0.022005136354580
    -0.003157873170215    -0.022005136353990    -0.000110468701250
1 155
     0.000345153622255     0.001604867676532     0.001604867676434
     0.001485261584703     0.016256944333836     0.001977491164275
     0.001485261584803     0.001977491164201     0.016256944333835
1 156
     0.000345153622255    -0.001604867676408    -0.001604867676545
    -0.001485261584828     0.016256944333835     0.001977491164249
    -0.001485261584692     0.001977491164227     0.016256944333836
1 157
     0.002764202956426     0.004631380511163     0.006028586251207
     0.004777378186206     0.001748962698880    -0.004777378119643
     0.006028586419168    -0.004631380575692     0.002764202956425
1 158
    -0.000431597777651     0.000373628018842    -0.000373628018847
     0.000373628029262    -0.000431597777651     0.000373628024057
    -0.000373628029258     0.000373628024048    -0.000431597777651
1 159
     0.002764202956426    -0.006028586251135    -0.004631380511221
    -0.006028586419239     0.002764202956425    -0.004631380575804
    -0.004777378186146    -0.004777378119527     0.001748962698880
1 160
     0.003414946527402     0.002691874038865     0.011731121471880
     0.002885727835893    -0.001673604701424    -0.011066620077241
     0.012286457948377    -0.010751194670453     0.012511631550770
1 161
     0.000345153622256    -0.001604867676389     0.001604867676414
    -0.001485261584846     0.016256944333835    -0.001977491164261
     0.001485261584823    -0.001977491164214     0.016256944333835
1 162
     0.003414946527401    -0.011731121471738    -0.002691874038903
    -0.012286457948526     0.012511631550770    -0.010751194670711
    -0.002885727835852    -0.011066620076974    -0.001673604701424
1 163
    -0.000110468701250     0.022005136047556     0.003157873082354
     0.022005136661014    -0.000110468701250    -0.003157873126268
     0.003086567486590    -0.003086567443670    -0.000012135157462
1 164
    -0.000110468701250    -0.003157873082316    -0.022005136047825
    -0.003086567486627    -0.000012135157462    -0.003086567443752
    -0.022005136660744    -0.003157873126184    -0.000110468701250
1 165
    -0.001673604701425     0.002885727755437    -0.011066619923033
     0.002691874113916     0.003414946527403     0.011731121635447
    -0.010751194820264     0.012286457777068     0.012511631550769
1 166
    -0.015355066690859    -0.021782113655473    -0.052386917826368
    -0.021782114263092    -0.015355066690861    -0.052386918557247
    -0.052871865193425    -0.052871864455786    -0.181585697887538
1 167
    -0.015355066690859     0.052386917825649     0.021782113655719
     0.052871865194150    -0.181585697887538    -0.052871864457086
     0.021782114262846    -0.052386918555959    -0.015355066690861
1 168
    -0.001673604701425     0.011066619922907    -0.002885727755466
     0.010751194820386     0.012511631550769     0.012286457777362
    -0.002691874113889     0.011731121635166     0.003414946527403
1 169
    -0.181585697887532    -0.052871863718929     0.052871863719642
    -0.052386919287352    -0.015355066690864     0.021782113959570
     0.052386919286645     0.021782113959001    -0.015355066690864
1 170
     0.016256944333836     0.001485261543283     0.001977491136705
     0.001604867721287     0.000345153622255     0.001604867698863
     0.001977491191772     0.001485261564041     0.016256944333836
1 171
     0.016256944333835    -0.001485261543437    -0.001977491136690
    -0.001604867721133     0.000345153622256     0.001604867698833
    -0.001977491191785     0.001485261564071     0.016256944333836
1 172
    -0.181585697887540     0.052871863720224    -0.052871863720799
     0.052386919286057    -0.015355066690859     0.021782113959527
    -0.052386919285488     0.021782113959036    -0.015355066690860
1 173
     0.016256944333835     0.001977491136667     0.001485261543449
     0.001977491191808     0.016256944333836     0.001485261564107
     0.001604867721119     0.001604867698794     0.000345153622256
1 174
     0.016256944333836    -0.001977491136680    -0.001485261543307
    -0.001977491191796     0.016256944333836     0.001485261564078
    -0.001604867721262     0.001604867698824     0.000345153622255
1 175
     0.033114675443672     0.024708341927023     0.038296801548727
     0.025470498094354    -0.000702232799718    -0.025470497739349
     0.038296802615666    -0.024708342271413     0.033114675443669
1 176
     0.016256944333835    -0.001485261543422     0.001977491136688
    -0.001604867721149     0.000345153622256    -0.001604867698869
     0.001977491191787    -0.001485261564035     0.016256944333836
1 177
     0.012511631550771    -0.012286457605943    -0.010751194520755
    -0.011731121798839     0.003414946527401    -0.002691874076483
    -0.011066620231325    -0.002885727795568    -0.001673604701424
1 178
     0.012511631550771     0.010751194520618     0.012286457606088
     0.011066620231466    -0.001673604701425    -0.002885727795638
     0.011731121798700    -0.002691874076418     0.003414946527401
1 179
     0.016256944333835    -0.001977491136665     0.001485261543433
    -0.001977491191811     0.016256944333836    -0.001485261564070
     0.001604867721136    -0.001604867698831     0.000345153622256
1 180
     0.033114675443671    -0.038296801548269    -0.024708341927345
    -0.038296802616123     0.033114675443669    -0.024708342272010
    -0.025470498094022    -0.025470497738733    -0.000702232799718
1 181
    -0.005470133745149     0.000469483203501     0.001619438581847
     0.000469483216601    -0.005470133745148     0.001619438604215
     0.001821156539667     0.001821156514487    -0.068097570354653
1 182
     0.002764202956426     0.006028586251129    -0.004631380511171
     0.006028586419246     0.002764202956425     0.004631380575765
    -0.004777378186197     0.004777378119568     0.001748962698880
1 183
     0.002764202956426     0.004631380511116    -0.006028586251200
     0.004777378186254     0.001748962698880     0.004777378119681
    -0.006028586419175     0.004631380575656     0.002764202956425
1 184
    -0.005470133745149    -0.001619438581850    -0.000469483203506
    -0.001821156539666    -0.068097570354653     0.001821156514532
    -0.000469483216596     0.001619438604176    -0.005470133745148
1 185
     0.003414946527406     0.011731121471815    -0.002691874038791
     0.012286457948449     0.012511631550765     0.010751194670708
    -0.002885727835968     0.011066620076979    -0.001673604701424
1 186
     0.003414946527406     0.002691874038760    -0.011731121471950
     0.002885727836001    -0.001673604701424     0.011066620077243
    -0.012286457948307     0.010751194670452     0.012511631550765
1 187
     0.002764202956424     0.006028586251174     0.004631380511188
     0.006028586419202     0.002764202956425    -0.004631380575714
     0.004777378186180    -0.004777378119619     0.001748962698881
1 188
    -0.000431597777651    -0.000373628018845     0.000373628018850
    -0.000373628029259    -0.000431597777651     0.000373628024057
     0.000373628029255     0.000373628024048    -0.000431597777651
1 189
     0.002764202956424    -0.004631380511134    -0.006028586251249
    -0.004777378186236     0.001748962698881    -0.004777378119735
    -0.006028586419126    -0.004631380575601     0.002764202956425
1 190
     0.003414946527405     0.011731121471908     0.002691874038850
     0.012286457948358     0.012511631550765    -0.010751194670588
     0.002885727835909    -0.011066620077095    -0.001673604701422
1 191
     0.000345153622254     0.001604867676546    -0.001604867676560
     0.001485261584689     0.016256944333836    -0.001977491164263
    -0.001485261584676    -0.001977491164214     0.016256944333836
1 192
     0.003414946527404    -0.002691874038823    -0.011731121472052
    -0.002885727835938    -0.001673604701422    -0.011066620077368
    -0.012286457948208    -0.010751194670322     0.012511631550766
1 193
     0.001748962698881     0.004777378053068     0.004777378053066
     0.004631380640231     0.002764202956426    -0.006028586335221
     0.004631380640234    -0.006028586335154     0.002764202956424
1 194
     0.001748962698881    -0.004777378053010    -0.004777378053128
    -0.004631380640289     0.002764202956424    -0.006028586335301
    -0.004631380640173    -0.006028586335074     0.002764202956426
1 195
     0.008347347155632    -0.000491690492757    -0.000491690492767
    -0.000491690506468     0.008347347155632    -0.000491690499623
    -0.000491690506458    -0.000491690499603     0.008347347155632
1 196
    -0.000702232799714     0.025470497384561     0.025470497384259
     0.024708342615571     0.033114675443672    -0.038296802082452
     0.024708342615882    -0.038296802081945     0.033114675443665
1 197
    -0.000702232799714    -0.025470497383951    -0.025470497384873
    -0.024708342616181     0.033114675443665    -0.038296802082878
    -0.024708342615268    -0.038296802081519     0.033114675443672
1 198
     0.008347347155632     0.000491690492761     0.000491690492763
     0.000491690506464     0.008347347155632    -0.000491690499615
     0.000491690506463    -0.000491690499611     0.008347347155632
1 199
    -0.068097570354652    -0.001821156488898     0.001821156488943
    -0.001619438626995    -0.005470133745149    -0.000469483210055
     0.001619438626952    -0.000469483210045    -0.005470133745149
1 200
     0.012511631550766     0.012286457605847    -0.010751194520713
     0.011731121798936     0.003414946527405     0.002691874076395
    -0.011066620231368     0.002885727795659    -0.001673604701424
1 201
     0.033114675443672     0.024708341926765    -0.038296801548690
     0.025470498094618    -0.000702232799717     0.025470497739506
    -0.038296802615704     0.024708342271262     0.033114675443668
1 202
    -3.289282445287302    -2.303410779131133     2.303410779160041
    -2.303410843333252    -3.289282445287302     2.303410811261100
     2.303410843304354     2.303410811203298    -3.289282445287309
1 203
     0.033114675443671     0.038296801548233    -0.024708341927070
     0.038296802616161     0.033114675443668     0.024708342271841
    -0.025470498094304     0.025470497738909    -0.000702232799717
1 204
     0.012511631550767     0.010751194520578    -0.012286457605998
     0.011066620231507    -0.001673604701424     0.002885727795720
    -0.011731121798791     0.002691874076338     0.003414946527405
1 205
     0.012511631550764     0.012286457605886     0.010751194520847
     0.011731121798898     0.003414946527406    -0.002691874076293
     0.011066620231235    -0.002885727795766    -0.001673604701422
1 206
     0.016256944333836     0.001485261543293    -0.001977491136703
     0.001604867721277     0.000345153622255    -0.001604867698874
    -0.001977491191774    -0.001485261564030     0.016256944333836
1 207
     0.033114675443665    -0.024708341927121    -0.038296801548952
    -0.025470498094261    -0.000702232799711    -0.025470497739895
    -0.038296802615447    -0.024708342270873     0.033114675443669
1 208
     0.033114675443665     0.038296801548476     0.024708341927401
     0.038296802615923     0.033114675443669    -0.024708342271480
     0.025470498093973    -0.025470497739270    -0.000702232799711
1 209
     0.016256944333836     0.001977491136678    -0.001485261543317
     0.001977491191799     0.016256944333836    -0.001485261564067
    -0.001604867721251    -0.001604867698833     0.000345153622255
1 210
     0.012511631550764    -0.010751194520722    -0.012286457606040
    -0.011066620231364    -0.001673604701422    -0.002885727795837
    -0.011731121798750    -0.002691874076227     0.003414946527405
1 211
    -0.001673604701423     0.002885727755553     0.011066619922922
     0.002691874113804     0.003414946527404    -0.011731121635438
     0.010751194820376    -0.012286457777078     0.012511631550766
1 212
    -0.001673604701423    -0.002885727755408    -0.011066619923141
    -0.002691874113945     0.003414946527403    -0.011731121635558
    -0.010751194820152    -0.012286457776960     0.012511631550769
1 213
     0.008347347155632     0.000491690492756    -0.000491690492762
     0.000491690506469     0.008347347155632     0.000491690499619
    -0.000491690506463     0.000491690499607     0.008347347155632
1 214
    -0.001673604701424     0.011066619923007     0.002885727755441
     0.010751194820282     0.012511631550769    -0.012286457777262
     0.002691874113914    -0.011731121635270     0.003414946527403
1 215
    -0.001673604701422    -0.011066619922786    -0.002885727755591
    -0.010751194820507     0.012511631550766    -0.012286457777375
    -0.002691874113769    -0.011731121635156     0.003414946527404
1 216
     0.008347347155632    -0.000491690492760     0.000491690492767
    -0.000491690506465     0.008347347155632     0.000491690499619
     0.000491690506459     0.000491690499607     0.008347347155632
109 1
    -3.289282445287301    -2.303410779115828    -2.303410779163440
    -2.303410843348555    -3.289282445287302    -2.303410811279804
    -2.303410843300935    -2.303410811184569    -3.289282445287293
109 2
    -3.289282445287301     2.303410779134534     2.303410779143035
     2.303410843329850    -3.289282445287300    -2.303410811240692
     2.303410843321339    -2.303410811223676    -3.289282445287291
109 3
    -0.181585697887536    -0.052871863718830    -0.052871863721070
    -0.052386919287452    -0.015355066690864    -0.021782113959996
    -0.052386919285218    -0.021782113958571    -0.015355066690859
109 4
    -0.068097570354654    -0.001821156488905    -0.001821156489455
    -0.001619438626989    -0.005470133745149     0.000469483210042
    -0.001619438626441     0.000469483210060    -0.005470133745147
109 5
    -0.068097570354654     0.001821156489456     0.001821156488950
     0.001619438626438    -0.005470133745147     0.000469483210071
     0.001619438626946     0.000469483210031    -0.005470133745149
109 6
    -0.181585697887536     0.052871863720479     0.052871863719527
     0.052386919285803    -0.015355066690859    -0.021782113959102
     0.052386919286760    -0.021782113959465    -0.015355066690863
109 7
    -3.289282445287301     2.303410779112429    -2.303410779139636
     2.303410843351955    -3.289282445287301     2.303410811259400
    -2.303410843324759     2.303410811205000    -3.289282445287311
109 8
     0.033114675443665    -0.038296801548440     0.024708341927563
    -0.038296802615960     0.033114675443668     0.024708342271749
     0.025470498093804     0.025470497738994    -0.000702232799710
109 9
     0.012511631550768    -0.010751194520726     0.012286457606098
    -0.011066620231358    -0.001673604701421     0.002885727795739
     0.011731121798693     0.002691874076321     0.003414946527401
109 10
    -0.068097570354656     0.001821156489457    -0.001821156489456
     0.001619438626436    -0.005470133745147    -0.000469483210058
    -0.001619438626440    -0.000469483210046    -0.005470133745147
109 11
     0.012511631550769    -0.012286457605951     0.010751194520852
    -0.011731121798833     0.003414946527400     0.002691874076395
     0.011066620231227     0.002885727795660    -0.001673604701422
109 12
     0.033114675443665    -0.024708341927266     0.038296801548916
    -0.025470498094111    -0.000702232799710     0.025470497739638
     0.038296802615485     0.024708342271124     0.033114675443668
109 13
    -0.015355066690864    -0.052386917826696    -0.021782113656187
    -0.052871865193107    -0.181585697887534    -0.052871864457708
    -0.021782114262382    -0.052386918555341    -0.015355066690861
109 14
    -0.001673604701421    -0.011066619922877     0.002885727755533
    -0.010751194820412     0.012511631550767     0.012286457777301
     0.002691874113826     0.011731121635232     0.003414946527402
109 15
    -0.000110468701250    -0.022005136047531    -0.003157873082382
    -0.022005136661039    -0.000110468701250    -0.003157873126475
    -0.003086567486562    -0.003086567443464    -0.000012135157461
109 16
    -0.000110468701250     0.003157873082343     0.022005136047798
     0.003086567486601    -0.000012135157461    -0.003086567443532
     0.022005136660772    -0.003157873126405    -0.000110468701250
109 17
    -0.001673604701421    -0.002885727755492     0.011066619923021
    -0.002691874113865     0.003414946527402     0.011731121635523
     0.010751194820271     0.012286457776996     0.012511631550767
109 18
    -0.015355066690863     0.021782113655902     0.052386917827254
     0.021782114262667    -0.015355066690861    -0.052386918556606
     0.052871865192544    -0.052871864456432    -0.181585697887534
109 19
    -0.005470133745149    -0.001619438581836     0.000469483203503
    -0.001821156539682    -0.068097570354653    -0.001821156514639
     0.000469483216598    -0.001619438604069    -0.005470133745148
109 20
    -0.005470133745147     0.001619438581295    -0.000469483203519
     0.001821156540222    -0.068097570354655    -0.001821156514628
    -0.000469483216584    -0.001619438604078    -0.005470133745148
109 21
    -0.000012135157461     0.003086567400487    -0.003086567400516
     0.003157873170445    -0.000110468701250     0.022005136354552
    -0.003157873170414     0.022005136354018    -0.000110468701251
109 22
    -0.005470133745147     0.000469483203513    -0.001619438581338
     0.000469483216590    -0.005470133745148    -0.001619438604119
    -0.001821156540176    -0.001821156514583    -0.068097570354655
109 23
    -0.005470133745149    -0.000469483203498     0.001619438581832
    -0.000469483216603    -0.005470133745148    -0.001619438604108
     0.001821156539683    -0.001821156514595    -0.068097570354653
109 24
    -0.000012135157462    -0.003086567400666     0.003086567400712
    -0.003157873170265    -0.000110468701250     0.022005136354554
     0.003157873170219     0.022005136354016    -0.000110468701250
109 25
    -0.005470133745147     0.001619438581282     0.000469483203522
     0.001821156540236    -0.068097570354655     0.001821156514551
     0.000469483216581     0.001619438604158    -0.005470133745148
109 26
     0.003414946527400    -0.011731121471824     0.002691874038927
    -0.012286457948443     0.012511631550770     0.010751194670632
     0.002885727835829     0.011066620077049    -0.001673604701422
109 27
     0.003414946527400    -0.002691874038893     0.011731121471974
    -0.002885727835866    -0.001673604701422     0.011066620077324
     0.012286457948286     0.010751194670365     0.012511631550770
109 28
    -0.005470133745147    -0.000469483203515    -0.001619438581324
    -0.000469483216588    -0.005470133745148     0.001619438604197
    -0.001821156540191     0.001821156514507    -0.068097570354654
109 29
     0.002764202956424    -0.006028586251167     0.004631380511220
    -0.006028586419209     0.002764202956425     0.004631380575757
     0.004777378186146     0.004777378119575     0.001748962698881
109 30
     0.002764202956424    -0.004631380511163     0.006028586251243
    -0.004777378186206     0.001748962698881     0.004777378119695
     0.006028586419134     0.004631380575640     0.002764202956425
109 31
    -0.015355066690859     0.052386917825192    -0.021782113655641
     0.052871865194612    -0.181585697887538     0.052871864457270
    -0.021782114262924     0.052386918555780    -0.015355066690862
109 32
    -0.000702232799708    -0.025470497384224     0.025470497384561
    -0.024708342615907     0.033114675443665     0.038296802082677
     0.024708342615579     0.038296802081726     0.033114675443665
109 33
    -0.015355066690859     0.021782113655395    -0.052386917825872
     0.021782114263170    -0.015355066690862     0.052386918557029
    -0.052871865193926     0.052871864456009    -0.181585697887538
109 34
    -0.000110468701250    -0.003157873082309     0.022005136047821
    -0.003086567486634    -0.000012135157462     0.003086567443727
     0.022005136660749     0.003157873126210    -0.000110468701250
109 35
     0.001748962698882    -0.004777378053052     0.004777378053113
    -0.004631380640247     0.002764202956424     0.006028586335263
     0.004631380640188     0.006028586335113     0.002764202956424
109 36
    -0.000110468701250    -0.022005136047552     0.003157873082349
    -0.022005136661018    -0.000110468701250     0.003157873126296
     0.003086567486596     0.003086567443643    -0.000012135157462
109 37
    -3.289282445287302    -2.303410779131133     2.303410779160041
    -2.303410843333252    -3.289282445287302     2.303410811261100
     2.303410843304354     2.303410811203298    -3.289282445287309
109 38
     0.033114675443672     0.024708341926765    -0.038296801548690
     0.025470498094618    -0.000702232799717     0.025470497739506
    -0.038296802615704     0.024708342271262     0.033114675443668
109 39
     0.012511631550766     0.012286457605847    -0.010751194520713
     0.011731121798936     0.003414946527405     0.002691874076395
    -0.011066620231368     0.002885727795659    -0.001673604701424
109 40
    -0.068097570354652    -0.001821156488898     0.001821156488943
    -0.001619438626995    -0.005470133745149    -0.000469483210055
     0.001619438626952    -0.000469483210045    -0.005470133745149
109 41
     0.012511631550767     0.010751194520578    -0.012286457605998
     0.011066620231507    -0.001673604701424     0.002885727795720
    -0.011731121798791     0.002691874076338     0.003414946527405
109 42
     0.033114675443671     0.038296801548233    -0.024708341927070
     0.038296802616161     0.033114675443668     0.024708342271841
    -0.025470498094304     0.025470497738909    -0.000702232799717
109 43
    -0.000702232799714     0.025470497384561     0.025470497384259
     0.024708342615571     0.033114675443672    -0.038296802082452
     0.024708342615882    -0.038296802081945     0.033114675443665
109 44
     0.008347347155632    -0.000491690492757    -0.000491690492767
    -0.000491690506468     0.008347347155632    -0.000491690499623
    -0.000491690506458    -0.000491690499603     0.008347347155632
109 45
     0.001748962698881    -0.004777378053010    -0.004777378053128
    -0.004631380640289     0.002764202956424    -0.006028586335301
    -0.004631380640173    -0.006028586335074     0.002764202956426
109 46
     0.001748962698881     0.004777378053068     0.004777378053066
     0.004631380640231     0.002764202956426    -0.006028586335221
     0.004631380640234    -0.006028586335154     0.002764202956424
109 47
     0.008347347155632     0.000491690492761     0.000491690492763
     0.000491690506464     0.008347347155632    -0.000491690499615
     0.000491690506463    -0.000491690499611     0.008347347155632
109 48
    -0.000702232799714    -0.025470497383951    -0.025470497384873
    -0.024708342616181     0.033114675443665    -0.038296802082878
    -0.024708342615268    -0.038296802081519     0.033114675443672
109 49
     0.003414946527405     0.011731121471908     0.002691874038850
     0.012286457948358     0.012511631550765    -0.010751194670588
     0.002885727835909    -0.011066620077095    -0.001673604701422
109 50
     0.002764202956424    -0.004631380511134    -0.006028586251249
    -0.004777378186236     0.001748962698881    -0.004777378119735
    -0.006028586419126    -0.004631380575601     0.002764202956425
109 51
    -0.000431597777651    -0.000373628018845     0.000373628018850
    -0.000373628029259    -0.000431597777651     0.000373628024057
     0.000373628029255     0.000373628024048    -0.000431597777651
109 52
     0.002764202956424     0.006028586251174     0.004631380511188
     0.006028586419202     0.002764202956425    -0.004631380575714
     0.004777378186180    -0.004777378119619     0.001748962698881
109 53
     0.003414946527404    -0.002691874038823    -0.011731121472052
    -0.002885727835938    -0.001673604701422    -0.011066620077368
    -0.012286457948208    -0.010751194670322     0.012511631550766
109 54
     0.000345153622254     0.001604867676546    -0.001604867676560
     0.001485261584689     0.016256944333836    -0.001977491164263
    -0.001485261584676    -0.001977491164214     0.016256944333836
109 55
    -0.005470133745149    -0.001619438581850    -0.000469483203506
    -0.001821156539666    -0.068097570354653     0.001821156514532
    -0.000469483216596     0.001619438604176    -0.005470133745148
109 56
     0.002764202956426     0.004631380511116    -0.006028586251200
     0.004777378186254     0.001748962698880     0.004777378119681
    -0.006028586419175     0.004631380575656     0.002764202956425
109 57
     0.002764202956426     0.006028586251129    -0.004631380511171
     0.006028586419246     0.002764202956425     0.004631380575765
    -0.004777378186197     0.004777378119568     0.001748962698880
109 58
    -0.005470133745149     0.000469483203501     0.001619438581847
     0.000469483216601    -0.005470133745148     0.001619438604215
     0.001821156539667     0.001821156514487    -0.068097570354653
109 59
     0.003414946527406     0.002691874038760    -0.011731121471950
     0.002885727836001    -0.001673604701424     0.011066620077243
    -0.012286457948307     0.010751194670452     0.012511631550765
109 60
     0.003414946527406     0.011731121471815    -0.002691874038791
     0.012286457948449     0.012511631550765     0.010751194670708
    -0.002885727835968     0.011066620076979    -0.001673604701424
109 61
    -0.001673604701424     0.011066619923007     0.002885727755441
     0.010751194820282     0.012511631550769    -0.012286457777262
     0.002691874113914    -0.011731121635270     0.003414946527403
109 62
     0.008347347155632     0.000491690492756    -0.000491690492762
     0.000491690506469     0.008347347155632     0.000491690499619
    -0.000491690506463     0.000491690499607     0.008347347155632
109 63
    -0.001673604701423    -0.002885727755408    -0.011066619923141
    -0.002691874113945     0.003414946527403    -0.011731121635558
    -0.010751194820152    -0.012286457776960     0.012511631550769
109 64
    -0.001673604701423     0.002885727755553     0.011066619922922
     0.002691874113804     0.003414946527404    -0.011731121635438
     0.010751194820376    -0.012286457777078     0.012511631550766
109 65
     0.008347347155632    -0.000491690492760     0.000491690492767
    -0.000491690506465     0.008347347155632     0.000491690499619
     0.000491690506459     0.000491690499607     0.008347347155632
109 66
    -0.001673604701422    -0.011066619922786    -0.002885727755591
    -0.010751194820507     0.012511631550766    -0.012286457777375
    -0.002691874113769    -0.011731121635156     0.003414946527404
109 67
     0.033114675443665     0.038296801548476     0.024708341927401
     0.038296802615923     0.033114675443669    -0.024708342271480
     0.025470498093973    -0.025470497739270    -0.000702232799711
109 68
     0.033114675443665    -0.024708341927121    -0.038296801548952
    -0.025470498094261    -0.000702232799711    -0.025470497739895
    -0.038296802615447    -0.024708342270873     0.033114675443669
109 69
     0.016256944333836     0.001485261543293    -0.001977491136703
     0.001604867721277     0.000345153622255    -0.001604867698874
    -0.001977491191774    -0.001485261564030     0.016256944333836
109 70
     0.012511631550764     0.012286457605886     0.010751194520847
     0.011731121798898     0.003414946527406    -0.002691874076293
     0.011066620231235    -0.002885727795766    -0.001673604701422
109 71
     0.012511631550764    -0.010751194520722    -0.012286457606040
    -0.011066620231364    -0.001673604701422    -0.002885727795837
    -0.011731121798750    -0.002691874076227     0.003414946527405
109 72
     0.016256944333836     0.001977491136678    -0.001485261543317
     0.001977491191799     0.016256944333836    -0.001485261564067
    -0.001604867721251    -0.001604867698833     0.000345153622255
109 73
    -0.015355066690859    -0.021782113655473    -0.052386917826368
    -0.021782114263092    -0.015355066690861    -0.052386918557247
    -0.052871865193425    -0.052871864455786    -0.181585697887538
109 74
    -0.001673604701425     0.002885727755437    -0.011066619923033
     0.002691874113916     0.003414946527403     0.011731121635447
    -0.010751194820264     0.012286457777068     0.012511631550769
109 75
    -0.000110468701250    -0.003157873082316    -0.022005136047825
    -0.003086567486627    -0.000012135157462    -0.003086567443752
    -0.022005136660744    -0.003157873126184    -0.000110468701250
109 76
    -0.000110468701250     0.022005136047556     0.003157873082354
     0.022005136661014    -0.000110468701250    -0.003157873126268
     0.003086567486590    -0.003086567443670    -0.000012135157462
109 77
    -0.001673604701425     0.011066619922907    -0.002885727755466
     0.010751194820386     0.012511631550769     0.012286457777362
    -0.002691874113889     0.011731121635166     0.003414946527403
109 78
    -0.015355066690859     0.052386917825649     0.021782113655719
     0.052871865194150    -0.181585697887538    -0.052871864457086
     0.021782114262846    -0.052386918555959    -0.015355066690861
109 79
     0.003414946527402     0.002691874038865     0.011731121471880
     0.002885727835893    -0.001673604701424    -0.011066620077241
     0.012286457948377    -0.010751194670453     0.012511631550770
109 80
     0.002764202956426    -0.006028586251135    -0.004631380511221
    -0.006028586419239     0.002764202956425    -0.004631380575804
    -0.004777378186146    -0.004777378119527     0.001748962698880
109 81
    -0.000431597777651     0.000373628018842    -0.000373628018847
     0.000373628029262    -0.000431597777651     0.000373628024057
    -0.000373628029258     0.000373628024048    -0.000431597777651
109 82
     0.002764202956426     0.004631380511163     0.006028586251207
     0.004777378186206     0.001748962698880    -0.004777378119643
     0.006028586419168    -0.004631380575692     0.002764202956425
109 83
     0.003414946527401    -0.011731121471738    -0.002691874038903
    -0.012286457948526     0.012511631550770    -0.010751194670711
    -0.002885727835852    -0.011066620076974    -0.001673604701424
109 84
     0.000345153622256    -0.001604867676389     0.001604867676414
    -0.001485261584846     0.016256944333835    -0.001977491164261
     0.001485261584823    -0.001977491164214     0.016256944333835
109 85
    -0.000012135157461    -0.003086567400492    -0.003086567400716
    -0.003157873170439    -0.000110468701250    -0.022005136354580
    -0.003157873170215    -0.022005136353990    -0.000110468701250
109 86
    -0.000431597777651     0.000373628018846     0.000373628018847
     0.000373628029259    -0.000431597777651    -0.000373628024054
     0.000373628029257    -0.000373628024051    -0.000431597777651
109 87
    -0.000431597777651    -0.000373628018843    -0.000373628018851
    -0.000373628029262    -0.000431597777651    -0.000373628024060
    -0.000373628029254    -0.000373628024045    -0.000431597777651
109 88
    -0.000012135157461     0.003086567400670     0.003086567400522
     0.003157873170261    -0.000110468701250    -0.022005136354527
     0.003157873170409    -0.022005136354044    -0.000110468701250
109 89
     0.000345153622255    -0.001604867676408    -0.001604867676545
    -0.001485261584828     0.016256944333835     0.001977491164249
    -0.001485261584692     0.001977491164227     0.016256944333836
109 90
     0.000345153622255     0.001604867676532     0.001604867676434
     0.001485261584703     0.016256944333836     0.001977491164275
     0.001485261584803     0.001977491164201     0.016256944333835
109 91
    -0.000110468701250     0.022005136047527    -0.003157873082322
     0.022005136661044    -0.000110468701250     0.003157873126447
    -0.003086567486622     0.003086567443491    -0.000012135157461
109 92
     0.001748962698879     0.004777378053012    -0.004777378053068
     0.004631380640287     0.002764202956426     0.006028586335259
    -0.004631380640233     0.006028586335115     0.002764202956426
109 93
    -0.000110468701250     0.003157873082285    -0.022005136047793
     0.003086567486658    -0.000012135157461     0.003086567443557
    -0.022005136660777     0.003157873126379    -0.000110468701250
109 94
    -0.015355066690863    -0.021782113655825     0.052386917827686
    -0.021782114262745    -0.015355066690862     0.052386918557316
     0.052871865192108     0.052871864455718    -0.181585697887534
109 95
    -0.000702232799720     0.025470497384213    -0.025470497384496
     0.024708342615918     0.033114675443672     0.038296802082652
    -0.024708342615644     0.038296802081738     0.033114675443671
109 96
    -0.015355066690864    -0.052386917827090     0.021782113656110
    -0.052871865192710    -0.181585697887533     0.052871864457033
     0.021782114262460     0.052386918556013    -0.015355066690862
109 97
     0.012511631550771     0.010751194520618     0.012286457606088
     0.011066620231466    -0.001673604701425    -0.002885727795638
     0.011731121798700    -0.002691874076418     0.003414946527401
109 98
     0.012511631550771    -0.012286457605943    -0.010751194520755
    -0.011731121798839     0.003414946527401    -0.002691874076483
    -0.011066620231325    -0.002885727795568    -0.001673604701424
109 99
     0.016256944333835    -0.001485261543422     0.001977491136688
    -0.001604867721149     0.000345153622256    -0.001604867698869
     0.001977491191787    -0.001485261564035     0.016256944333836
109 100
     0.033114675443672     0.024708341927023     0.038296801548727
     0.025470498094354    -0.000702232799718    -0.025470497739349
     0.038296802615666    -0.024708342271413     0.033114675443669
109 101
     0.033114675443671    -0.038296801548269    -0.024708341927345
    -0.038296802616123     0.033114675443669    -0.024708342272010
    -0.025470498094022    -0.025470497738733    -0.000702232799718
109 102
     0.016256944333835    -0.001977491136665     0.001485261543433
    -0.001977491191811     0.016256944333836    -0.001485261564070
     0.001604867721136    -0.001604867698831     0.000345153622256
109 103
    -0.181585697887540     0.052871863720224    -0.052871863720799
     0.052386919286057    -0.015355066690859     0.021782113959527
    -0.052386919285488     0.021782113959036    -0.015355066690860
109 104
     0.016256944333835    -0.001485261543437    -0.001977491136690
    -0.001604867721133     0.000345153622256     0.001604867698833
    -0.001977491191785     0.001485261564071     0.016256944333836
109 105
     0.016256944333836     0.001485261543283     0.001977491136705
     0.001604867721287     0.000345153622255     0.001604867698863
     0.001977491191772     0.001485261564041     0.016256944333836
109 106
    -0.181585697887532    -0.052871863718929     0.052871863719642
    -0.052386919287352    -0.015355066690864     0.021782113959570
     0.052386919286645     0.021782113959001    -0.015355066690864
109 107
     0.016256944333836    -0.001977491136680    -0.001485261543307
    -0.001977491191796     0.016256944333836     0.001485261564078
    -0.001604867721262     0.001604867698824     0.000345153622255
109 108
     0.016256944333835     0.001977491136667     0.001485261543449
     0.001977491191808     0.016256944333836     0.001485261564107
     0.001604867721119     0.001604867698794     0.000345153622256
109 109
    13.387317289215897     0.000000000000000    -0.000000000000000
    -0.000000000000000    13.387317289215890    -0.000000000000002
    -0.000000000000000    -0.000000000000054    13.387317289215897
109 110
     0.423638659724367    -0.100143321559041    -0.100143321556577
     0.105730712258098    -0.169596266464989    -0.159307365281806
     0.105730712253126    -0.159307365277972    -0.169596266463240
109 111
     0.108818724192754    -0.021866569537543    -0.021866569536990
     0.021219095936161    -0.000572867521281    -0.012894332194222
     0.021219095935084    -0.012894332193902    -0.000572867520915
109 112
     0.121620947012161    -0.000000000000530     0.000000000000486
     0.000000000000530     0.002031252903467    -0.000000000000000
    -0.000000000000486    -0.000000000000000     0.002031252903467
109 113
     0.108818724192723     0.021866569536679     0.021866569537764
    -0.021219095935297    -0.000572867520899    -0.012894332194201
    -0.021219095935858    -0.012894332193892    -0.000572867521265
109 114
     0.423638659724215     0.100143321555079     0.100143321559983
    -0.105730712254136    -0.169596266463165    -0.159307365281778
    -0.105730712256532    -0.159307365277849    -0.169596266464912
109 115
    -0.169596266464989     0.105730709310580    -0.159307363061471
    -0.100143324351826     0.423638659725051    -0.100143322954842
    -0.159307367498992     0.105730710780896    -0.169596266463924
109 116
    -0.017533227576040     0.027202295990017    -0.004515503456321
     0.027202296748342    -0.017533227576065    -0.004515503519113
    -0.012130752242346    -0.012130752073400     0.001264162650477
109 117
    -0.004999385557422     0.016888876195971     0.003573822703119
     0.017020250142337     0.000733927295341    -0.001494342500150
    -0.003213734616753     0.001497591330399     0.001991926831284
109 118
    -0.004999385557419    -0.003573822703074    -0.016888876196174
     0.003213734616789     0.001991926831281     0.001497591330428
    -0.017020250142132    -0.001494342500109     0.000733927295341
109 119
    -0.017533227576037     0.004515503456271    -0.027202295990353
     0.012130752242491     0.001264162650474    -0.012130752073711
    -0.027202296748009    -0.004515503518991    -0.017533227576065
109 120
    -0.169596266464913     0.159307363059493    -0.105730709311610
     0.159307367500894    -0.169596266463925     0.105730710783376
     0.100143324350423    -0.100143322952379     0.423638659724975
109 121
    -0.000572867521281     0.021219095344561    -0.012894332014550
    -0.021866570147283     0.108818724192897    -0.021866569842239
    -0.012894332373717     0.021219095639590    -0.000572867521058
109 122
     0.000733927295331     0.017020249667841    -0.001494342479380
     0.016888876666838    -0.004999385557444     0.003573822753017
     0.001497591351335    -0.003213734572034     0.001991926831316
109 123
    -0.002305036848534     0.003543656518671    -0.003543656518716
     0.003543656617442    -0.002305036848534    -0.003543656568101
    -0.003543656617398    -0.003543656568012    -0.002305036848534
109 124
     0.000733927295330     0.001494342479364    -0.017020249668052
    -0.001497591351352     0.001991926831317    -0.003213734572118
    -0.016888876666631     0.003573822752936    -0.004999385557444
109 125
    -0.000572867521265     0.012894332014385    -0.021219095344771
     0.012894332373867    -0.000572867521058     0.021219095640094
     0.021866570146984    -0.021866569841709     0.108818724192882
109 126
     0.000797154511840     0.004362846873786    -0.004362846873856
     0.012135577098165    -0.017264287103002    -0.026751466067116
    -0.012135577098001    -0.026751466066458    -0.017264287102999
109 127
     0.002031252903467     0.000000000000530     0.000000000000000
    -0.000000000000530     0.121620947012161     0.000000000000088
    -0.000000000000000    -0.000000000000089     0.002031252903467
109 128
     0.001991926831291     0.003213734527244     0.001497591309545
    -0.003573822802770    -0.004999385557420    -0.016888876431592
    -0.001494342520956    -0.017020249904905     0.000733927295331
109 129
     0.001991926831295    -0.001497591309534    -0.003213734527292
     0.001494342520980     0.000733927295330    -0.017020249905322
     0.003573822802736    -0.016888876431182    -0.004999385557422
109 130
     0.002031252903467     0.000000000000000    -0.000000000000486
    -0.000000000000000     0.002031252903467    -0.000000000000088
     0.000000000000486     0.000000000000088     0.121620947012161
109 131
     0.001991926831323     0.001497591309660     0.003213734527198
    -0.001494342521108     0.000733927295356    -0.017020249905305
    -0.003573822802643    -0.016888876431163    -0.004999385557477
109 132
     0.001991926831327    -0.003213734527168    -0.001497591309685
     0.003573822802695    -0.004999385557480    -0.016888876431576
     0.001494342521096    -0.017020249904892     0.000733927295355
109 133
    -0.000572867520899    -0.021219095343611    -0.012894332014388
     0.021866570146333     0.108818724192579     0.021866569842286
    -0.012894332373562    -0.021219095639638    -0.000572867521122
109 134
     0.001264162650449     0.012130751904425    -0.012130751904590
     0.004515503582055    -0.017533227576037    -0.027202296369528
    -0.004515503581983    -0.027202296368859    -0.017533227576040
109 135
    -0.000572867520915     0.012894332014239     0.021219095343902
     0.012894332373727    -0.000572867521121    -0.021219095640151
    -0.021866570146115     0.021866569841766     0.108818724192595
109 136
     0.000733927295356    -0.001494342479378    -0.017020249668025
     0.001497591351366     0.001991926831301     0.003213734571978
    -0.016888876666602    -0.003573822752797    -0.004999385557454
109 137
    -0.001736107995798     0.003762408575701    -0.003762408575748
     0.003762408680569    -0.001736107995798    -0.003762408628182
    -0.003762408680522    -0.003762408628088    -0.001736107995798
109 138
     0.000733927295355     0.017020249667817     0.001494342479395
     0.016888876666811    -0.004999385557454    -0.003573822752890
    -0.001497591351350     0.003213734571907     0.001991926831302
109 139
    -0.169596266463165    -0.105730709305561    -0.159307363060740
     0.100143324346806     0.423638659723531     0.100143322954306
    -0.159307367498204    -0.105730710780364    -0.169596266464229
109 140
    -0.169596266463241     0.159307363058836     0.105730709307028
     0.159307367500183    -0.169596266464229    -0.105730710782958
    -0.100143324345842     0.100143322951963     0.423638659723608
109 141
    -0.017264287103002     0.012135576759964    -0.026751465694250
     0.004362846995316     0.000797154511814    -0.004362846934718
    -0.026751466439349    -0.012135576928816    -0.017264287102973
109 142
    -0.004999385557479     0.003573822703111    -0.016888876196182
    -0.003213734616826     0.001991926831337    -0.001497591330575
    -0.017020250142140     0.001494342500258     0.000733927295345
109 143
    -0.004999385557477     0.016888876195978    -0.003573822703151
     0.017020250142345     0.000733927295345     0.001494342500287
     0.003213734616784    -0.001497591330534     0.001991926831334
109 144
    -0.017264287102999     0.026751465693923    -0.012135576760109
     0.026751466439680    -0.017264287102973    -0.012135576929126
    -0.004362846995268    -0.004362846934600     0.000797154511811
109 145
    -0.169596266463241    -0.159307363058680     0.105730709307730
    -0.159307367500035    -0.169596266463925     0.105730710783019
    -0.100143324344719    -0.100143322950199     0.423638659723303
109 146
    -0.017533227576105    -0.004515503456068     0.027202295990245
    -0.012130752242756     0.001264162650542    -0.012130752073568
     0.027202296748049    -0.004515503519195    -0.017533227576065
109 147
    -0.004999385557480     0.003573822703148     0.016888876196141
    -0.003213734616839     0.001991926831341     0.001497591330551
     0.017020250142192    -0.001494342500289     0.000733927295342
109 148
    -0.004999385557478    -0.016888876195933    -0.003573822703189
    -0.017020250142400     0.000733927295342    -0.001494342500320
     0.003213734616796     0.001497591330507     0.001991926831339
109 149
    -0.017533227576102    -0.027202295989919     0.004515503456128
    -0.027202296748379    -0.017533227576065    -0.004515503519294
     0.012130752242606    -0.012130752073287     0.001264162650539
109 150
    -0.169596266463165    -0.105730709306184     0.159307363060584
     0.100143324345757     0.423638659723228    -0.100143322952617
     0.159307367498056     0.105730710780344    -0.169596266463924
109 151
     0.001264162650517    -0.012130751904610    -0.012130751904367
    -0.004515503581882    -0.017533227576105     0.027202296369421
    -0.004515503582217     0.027202296368899    -0.017533227576040
109 152
    -0.001736107995798     0.003762408575676     0.003762408575754
     0.003762408680594    -0.001736107995798     0.003762408628213
     0.003762408680516     0.003762408628057    -0.001736107995798
109 153
    -0.002090581053153     0.000000000000002    -0.000000000000002
    -0.000000000000002    -0.001959437803661    -0.000246409094200
     0.000000000000002    -0.000246409094194    -0.001959437803661
109 154
    -0.001736107995798    -0.003762408575707    -0.003762408575720
    -0.003762408680564    -0.001736107995798     0.003762408628149
    -0.003762408680550     0.003762408628121    -0.001736107995798
109 155
     0.001264162650511     0.012130751904222     0.012130751904761
     0.004515503582269    -0.017533227576037     0.027202296369565
     0.004515503581824     0.027202296368761    -0.017533227576102
109 156
    -0.004151496570701    -0.000000000000086     0.000000000000078
     0.000000000000086    -0.023875386588013    -0.000417128109820
    -0.000000000000078    -0.000417128109810    -0.023875386588013
109 157
     0.001991926831351    -0.003213734527304     0.001497591309690
     0.003573822802835    -0.004999385557480     0.016888876431597
    -0.001494342521112     0.017020249904927     0.000733927295331
109 158
    -0.001959437803661    -0.000000000000001    -0.000246409090765
     0.000000000000001    -0.002090581053153    -0.000000000000001
    -0.000246409097629     0.000000000000001    -0.001959437803661
109 159
    -0.001959437803661     0.000246409090762     0.000000000000001
     0.000246409097632    -0.001959437803661     0.000000000000001
    -0.000000000000001    -0.000000000000001    -0.002090581053153
109 160
     0.001991926831350    -0.001497591309666     0.003213734527346
     0.001494342521124     0.000733927295330     0.017020249905342
    -0.003573822802795     0.016888876431186    -0.004999385557477
109 161
    -0.002236523980753    -0.000000000000042     0.003153315809731
     0.000000000000047    -0.012257223802162     0.000000000000014
    -0.003483782034428     0.000000000000016    -0.012033808726494
109 162
    -0.002236523980751    -0.003153315809696     0.000000000000038
     0.003483782034474    -0.012033808726496     0.000000000000014
    -0.000000000000043     0.000000000000013    -0.012257223802162
109 163
     0.000733927295332    -0.017020249667894    -0.001494342479437
    -0.016888876666789    -0.004999385557455    -0.003573822753040
     0.001497591351331     0.003213734572031     0.001991926831326
109 164
    -0.001736107995798    -0.003762408575670     0.003762408575715
    -0.003762408680600    -0.001736107995798    -0.003762408628180
     0.003762408680555    -0.003762408628091    -0.001736107995798
109 165
     0.000733927295331     0.001494342479418     0.017020249668100
    -0.001497591351351     0.001991926831327     0.003213734572117
     0.016888876666587    -0.003573822752959    -0.004999385557455
109 166
    -0.000572867521265    -0.012894332014416    -0.021219095344978
    -0.012894332373899    -0.000572867521121    -0.021219095640444
     0.021866570146810     0.021866569841677     0.108818724192945
109 167
     0.001264162650578    -0.012130751904371     0.012130751904502
    -0.004515503582109    -0.017533227576105    -0.027202296369457
     0.004515503582071    -0.027202296368801    -0.017533227576102
109 168
    -0.000572867521281     0.021219095344752     0.012894332014582
    -0.021866570147124     0.108818724192961     0.021866569842222
     0.012894332373750    -0.021219095639924    -0.000572867521122
109 169
    -0.017533227576040    -0.027202295990024    -0.004515503456321
    -0.027202296748324    -0.017533227576077     0.004515503519045
    -0.012130752242413     0.012130752073536     0.001264162650488
109 170
    -0.017533227576037     0.004515503456275     0.027202295990359
     0.012130752242550     0.001264162650486     0.012130752073837
     0.027202296747991     0.004515503518927    -0.017533227576077
109 171
    -0.012257223802162     0.000000000000059     0.000000000000013
    -0.000000000000032    -0.002236523980775     0.003153315853654
     0.000000000000016    -0.003483781985833    -0.012033808726472
109 172
    -0.017533227576105    -0.004515503456145    -0.027202295990252
    -0.012130752242618     0.001264162650553     0.012130752073497
    -0.027202296748031     0.004515503519204    -0.017533227576077
109 173
    -0.017533227576102     0.027202295989925     0.004515503456209
     0.027202296748361    -0.017533227576077     0.004515503519306
     0.012130752242458     0.012130752073207     0.001264162650550
109 174
    -0.012257223802162    -0.000000000000012    -0.000000000000056
    -0.000000000000015    -0.012033808726472    -0.003483781985918
     0.000000000000027     0.003153315853577    -0.002236523980775
109 175
     0.423638659722544     0.100143321553638    -0.100143321555017
    -0.105730712252999    -0.169596266463165     0.159307365280919
     0.105730712251872     0.159307365277037    -0.169596266463242
109 176
    -0.023875386588013     0.000000000000087    -0.000417128104006
    -0.000000000000087    -0.004151496570701     0.000000000000013
    -0.000417128115625    -0.000000000000013    -0.023875386588013
109 177
    -0.012033808726496     0.003483781937349     0.000000000000003
    -0.003153315897608    -0.002236523980751    -0.000000000000005
     0.000000000000001    -0.000000000000022    -0.012257223802162
109 178
     0.108818724193104    -0.021866569537616     0.021866569537846
     0.021219095936297    -0.000572867521281     0.012894332194394
    -0.021219095936003     0.012894332194080    -0.000572867521265
109 179
    -0.012033808726494    -0.000000000000004    -0.003483781937388
    -0.000000000000001    -0.012257223802162    -0.000000000000023
     0.003153315897566    -0.000000000000007    -0.002236523980753
109 180
    -0.023875386588013     0.000417128104001    -0.000000000000080
     0.000417128115630    -0.023875386588013    -0.000000000000013
     0.000000000000080     0.000000000000013    -0.004151496570701
109 181
    -0.000572867520915    -0.012894332014207     0.021219095344071
    -0.012894332373694    -0.000572867521058     0.021219095640178
    -0.021866570145902    -0.021866569841411     0.108818724192532
109 182
     0.000733927295357    -0.001494342479382     0.017020249668070
     0.001497591351315     0.001991926831291    -0.003213734571955
     0.016888876666553     0.003573822752799    -0.004999385557445
109 183
    -0.002305036848534    -0.003543656518642     0.003543656518684
    -0.003543656617471    -0.002305036848534    -0.003543656568099
     0.003543656617429    -0.003543656568015    -0.002305036848534
109 184
     0.000733927295356    -0.017020249667866     0.001494342479402
    -0.016888876666758    -0.004999385557445     0.003573822752893
    -0.001497591351296    -0.003213734571883     0.001991926831292
109 185
    -0.000572867520899    -0.021219095343764     0.012894332014356
     0.021866570146136     0.108818724192516    -0.021866569841947
     0.012894332373529     0.021219095639648    -0.000572867521058
109 186
     0.000797154511708    -0.004362846873729     0.004362846873766
    -0.012135577098223    -0.017264287102933    -0.026751466067176
     0.012135577098091    -0.026751466066530    -0.017264287102936
109 187
     0.001991926831268     0.001497591309518    -0.003213734527139
    -0.001494342520975     0.000733927295357     0.017020249905302
     0.003573822802588     0.016888876431142    -0.004999385557422
109 188
    -0.001959437803661    -0.000246409090762     0.000000000000000
    -0.000246409097632    -0.001959437803661    -0.000000000000001
    -0.000000000000000     0.000000000000001    -0.002090581053153
109 189
    -0.001959437803661    -0.000000000000000     0.000246409090765
     0.000000000000000    -0.002090581053153     0.000000000000001
     0.000246409097629    -0.000000000000001    -0.001959437803661
109 190
     0.001991926831267     0.003213734527103    -0.001497591309530
    -0.003573822802636    -0.004999385557420     0.016888876431555
     0.001494342520951     0.017020249904888     0.000733927295356
109 191
    -0.002236523980810     0.003153315809609     0.000000000000043
    -0.003483782034387    -0.012033808726437    -0.000000000000014
    -0.000000000000038    -0.000000000000013    -0.012257223802162
109 192
    -0.002236523980807    -0.000000000000047    -0.003153315809651
     0.000000000000042    -0.012257223802162    -0.000000000000014
     0.003483782034348    -0.000000000000015    -0.012033808726440
109 193
    -0.002305036848534    -0.003543656518676    -0.003543656518690
    -0.003543656617437    -0.002305036848534     0.003543656568070
    -0.003543656617424     0.003543656568044    -0.002305036848534
109 194
    -0.002090581053153    -0.000000000000000     0.000000000000001
     0.000000000000000    -0.001959437803661     0.000246409094200
    -0.000000000000001     0.000246409094194    -0.001959437803661
109 195
    -0.002305036848534     0.003543656518648     0.003543656518721
     0.003543656617466    -0.002305036848534     0.003543656568130
     0.003543656617393     0.003543656567984    -0.002305036848534
109 196
     0.000797154511771    -0.004362846873953    -0.004362846873626
    -0.012135577097988    -0.017264287102933     0.026751466067077
    -0.012135577098220     0.026751466066566    -0.017264287102999
109 197
    -0.004151496570701    -0.000000000000089     0.000000000000082
     0.000000000000089    -0.023875386588013     0.000417128109820
    -0.000000000000082     0.000417128109810    -0.023875386588013
109 198
     0.000797154511777     0.004362846873576     0.004362846874009
     0.012135577098365    -0.017264287103002     0.026751466067214
     0.012135577097836     0.026751466066423    -0.017264287102936
109 199
    -0.004999385557423    -0.016888876195915     0.003573822703108
    -0.017020250142383     0.000733927295346     0.001494342500180
    -0.003213734616714    -0.001497591330368     0.001991926831279
109 200
    -0.004999385557420    -0.003573822703061     0.016888876196123
     0.003213734616752     0.001991926831277    -0.001497591330400
     0.017020250142174     0.001494342500136     0.000733927295346
109 201
    -0.017264287102933    -0.012135576759705     0.026751465694212
    -0.004362846995512     0.000797154511745    -0.004362846934517
     0.026751466439457    -0.012135576928954    -0.017264287102973
109 202
    -0.169596266464913    -0.159307363059650    -0.105730709312782
    -0.159307367501042    -0.169596266464229    -0.105730710785188
     0.100143324349773     0.100143322952370     0.423638659725279
109 203
    -0.169596266464989     0.105730709311674     0.159307363061627
    -0.100143324351248     0.423638659725355     0.100143322954904
     0.159307367499141    -0.105730710782634    -0.169596266464229
109 204
    -0.017264287102936    -0.026751465693887     0.012135576759855
    -0.026751466439778    -0.017264287102973    -0.012135576929236
     0.004362846995453    -0.004362846934422     0.000797154511748
109 205
     0.108818724192373     0.021866569536542    -0.021866569536844
    -0.021219095935224    -0.000572867520899     0.012894332194028
     0.021219095935001     0.012894332193714    -0.000572867520915
109 206
    -0.012033808726437    -0.003483781937262    -0.000000000000002
     0.003153315897521    -0.002236523980810     0.000000000000020
    -0.000000000000003     0.000000000000007    -0.012257223802162
109 207
    -0.023875386588013     0.000000000000088     0.000417128104006
    -0.000000000000088    -0.004151496570701     0.000000000000016
     0.000417128115625    -0.000000000000016    -0.023875386588013
109 208
     0.423638659726039    -0.100143321560186     0.100143321561246
     0.105730712259548    -0.169596266464989     0.159307365282665
    -0.105730712258100     0.159307365278787    -0.169596266464913
109 209
    -0.023875386588013    -0.000417128104001    -0.000000000000080
    -0.000417128115630    -0.023875386588013    -0.000000000000016
     0.000000000000080     0.000000000000016    -0.004151496570701
109 210
    -0.012033808726440     0.000000000000002     0.003483781937308
     0.000000000000003    -0.012257223802162     0.000000000000008
    -0.003153315897486     0.000000000000021    -0.002236523980807
109 211
    -0.017264287102933    -0.012135576759843    -0.026751465694230
    -0.004362846995437     0.000797154511734     0.004362846934508
    -0.026751466439450     0.012135576929026    -0.017264287102962
109 212
    -0.012257223802162     0.000000000000030    -0.000000000000015
    -0.000000000000057    -0.002236523980785    -0.003153315853640
    -0.000000000000015     0.003483781985818    -0.012033808726462
109 213
    -0.017264287103002     0.012135576759905     0.026751465694268
     0.004362846995312     0.000797154511803     0.004362846934780
     0.026751466439343     0.012135576928691    -0.017264287102962
109 214
    -0.017264287102999    -0.026751465693941    -0.012135576760041
    -0.026751466439673    -0.017264287102962     0.012135576928992
    -0.004362846995267     0.004362846934666     0.000797154511800
109 215
    -0.012257223802162     0.000000000000014    -0.000000000000025
     0.000000000000013    -0.012033808726462     0.003483781985903
     0.000000000000055    -0.003153315853563    -0.002236523980785
109 216
    -0.017264287102936     0.026751465693905     0.012135576760002
     0.026751466439772    -0.017264287102962     0.012135576929316
     0.004362846995375     0.004362846934410     0.000797154511737