1000 
1    

1    
  0.0100000000000000  -0.0000000000000443   0.0000000000000406
  -0.1338607329   -0.0000000279    0.0000000307
  -0.0042158927   -0.0010136175   -0.0010134999
  -0.0010249378   -0.0002365191   -0.0002377659
  -0.0003055866   -0.0000572122   -0.0000579902
  -0.0001040069   -0.0000154948   -0.0000157402
  -0.0001182300    0.0000004833   -0.0000001580
  -0.0001040228    0.0000163239    0.0000154985
  -0.0003056563    0.0000594744    0.0000573850
  -0.0010248289    0.0002366046    0.0002377445
  -0.0042158569    0.0010135801    0.0010135441
   0.0016930821    0.0010627701    0.0015811559
   0.0001529075   -0.0002585942    0.0001165870
   0.0000250221   -0.0000634075    0.0000456371
   0.0000016315   -0.0000209679    0.0000129979
  -0.0000065595   -0.0000158361    0.0000024452
  -0.0000065487   -0.0000024883    0.0000156301
   0.0000017763   -0.0000130017    0.0000204782
   0.0000255240   -0.0000459134    0.0000618099
   0.0001525042   -0.0001167464    0.0002590070
   0.0016930869   -0.0015810776   -0.0010627788
  -0.0000051605    0.0002325182    0.0001085581
   0.0000044757   -0.0000876792   -0.0000001844
  -0.0000005013   -0.0000255571    0.0000032817
  -0.0000066461   -0.0000170647   -0.0000022311
  -0.0000050773   -0.0000046533    0.0000045078
  -0.0000066362    0.0000023144    0.0000168478
  -0.0000004424   -0.0000032145    0.0000253149
   0.0000045375    0.0000004699    0.0000876151
  -0.0000052636   -0.0001089326   -0.0002323152
  -0.0000178563   -0.0001144307    0.0001142738
  -0.0000007353    0.0000571803    0.0000341714
   0.0000010330   -0.0000281978   -0.0000024490
  -0.0000012004   -0.0000175766   -0.0000023324
   0.0000002626   -0.0000073847    0.0000028053
   0.0000003012   -0.0000029536    0.0000071984
  -0.0000012028    0.0000023418    0.0000174511
   0.0000010376    0.0000024875    0.0000281800
  -0.0000007531   -0.0000342071   -0.0000572239
  -0.0000055902    0.0000016396    0.0000432260
  -0.0000057179   -0.0000432771   -0.0000013592
   0.0000027081    0.0000156716    0.0000112197
  -0.0000004798   -0.0000166183   -0.0000024346
   0.0000024396   -0.0000065831    0.0000014463
   0.0000016848   -0.0000040847    0.0000038852
   0.0000024509   -0.0000016282    0.0000064185
  -0.0000004714    0.0000024355    0.0000166142
   0.0000027684   -0.0000112631   -0.0000157393
  -0.0000017445    0.0000029095    0.0000126828
   0.0000018916   -0.0000030718    0.0000031246
  -0.0000018001   -0.0000126263   -0.0000027382
   0.0000002916    0.0000000527   -0.0000001036
  -0.0000021292    0.0000022796    0.0000021097
   0.0000007757   -0.0000026325    0.0000024233
   0.0000007499   -0.0000025925    0.0000025435
  -0.0000021222   -0.0000022068   -0.0000022687
   0.0000003305    0.0000000212   -0.0000000246
  -0.0000021012    0.0000022235    0.0000023492
   0.0000008266    0.0000026261   -0.0000025375
   0.0000007764    0.0000026890   -0.0000024633
  -0.0000021387   -0.0000022676   -0.0000021038
   0.0000009010   -0.0000148046    0.0000116546
  -0.0000032580   -0.0000014496    0.0000073789
   0.0000001871   -0.0000092836    0.0000091903
  -0.0000031922   -0.0000074772    0.0000014505
   0.0000009667   -0.0000118773    0.0000148642
  -0.0000019653   -0.0000020631    0.0000156759
   0.0000015235   -0.0000011815    0.0000039725
   0.0000010385   -0.0000022853    0.0000024530
   0.0000014806   -0.0000039094    0.0000012226
  -0.0000019865   -0.0000155326    0.0000020625
  -0.0000039392   -0.0000545699    0.0000347903
  -0.0000072179   -0.0000063871    0.0000246031
  -0.0000071025   -0.0000246652    0.0000062461
  -0.0000039727   -0.0000351402    0.0000548222
  -0.0000012408   -0.0000072611    0.0000204015
  -0.0000035048   -0.0000015844    0.0000161938
  -0.0000010951   -0.0000024651    0.0000056966
  -0.0000010785   -0.0000055982    0.0000024993
  -0.0000035405   -0.0000160996    0.0000014981
  -0.0000012063   -0.0000203172    0.0000071699
  -0.0000101315   -0.0002276294    0.0001084024
  -0.0000167678   -0.0000395543    0.0000399676
  -0.0000101986   -0.0001088464    0.0002276383
   0.0000026929   -0.0000252113    0.0000637781
  -0.0000030089   -0.0000085954    0.0000248675
  -0.0000087848   -0.0000013400    0.0000161806
  -0.0000067521   -0.0000045928    0.0000045838
  -0.0000088155   -0.0000161533    0.0000013461
  -0.0000029862   -0.0000247135    0.0000084734
   0.0000027927   -0.0000635926    0.0000248512
   0.0016702110   -0.0010590601    0.0015716480
   0.0016701977   -0.0015716998    0.0010590771
   0.0001534043   -0.0000423488    0.0002647221
   0.0000238979   -0.0000063874    0.0000862326
  -0.0000002588   -0.0000012387    0.0000276845
  -0.0000080289    0.0000031622    0.0000155072
  -0.0000080397   -0.0000155382   -0.0000030639
  -0.0000001594   -0.0000274978    0.0000012102
   0.0000241431   -0.0000862542    0.0000063965
   0.0001534045   -0.0002645595    0.0000422918
   0.0016930898    0.0015810235    0.0010628214
   0.0001524935    0.0001160714   -0.0002587281
   0.0000252194    0.0000460206   -0.0000626643
   0.0000017194    0.0000132147   -0.0000206506
  -0.0000065979    0.0000027358   -0.0000158441
  -0.0000065808    0.0000161774   -0.0000026049
   0.0000015636    0.0000215331   -0.0000130819
   0.0000247508    0.0000648939   -0.0000454215
   0.0001529637    0.0002588868   -0.0001161218
   0.0016930938   -0.0010628217   -0.0015811184
  -0.0000151777    0.0000406666    0.0000400792
   0.0000258055   -0.0000026713   -0.0000016766
   0.0000048469   -0.0000053700   -0.0000051795
  -0.0000046415   -0.0000054040   -0.0000053904
  -0.0000051822    0.0000000932   -0.0000000212
  -0.0000046418    0.0000055664    0.0000052737
   0.0000048954    0.0000054049    0.0000050938
   0.0000256788    0.0000021211    0.0000026822
  -0.0000151825   -0.0000396336   -0.0000404848
   0.0000243407   -0.0000000187    0.0000000211
  -0.0000044918    0.0000068768    0.0000243448
   0.0000052904   -0.0000055679   -0.0000028563
   0.0000007227   -0.0000069363   -0.0000036603
  -0.0000000846   -0.0000031578   -0.0000008072
  -0.0000000915    0.0000007495    0.0000030132
   0.0000006895    0.0000037373    0.0000067853
   0.0000052747    0.0000029343    0.0000053645
  -0.0000045527   -0.0000240405   -0.0000064517
   0.0000068027    0.0000082879    0.0000177559
   0.0000068105   -0.0000179567   -0.0000083724
  -0.0000020140    0.0000009865    0.0000064079
   0.0000025400   -0.0000054314   -0.0000022046
   0.0000013594   -0.0000035811   -0.0000010513
   0.0000015634   -0.0000011660    0.0000010193
   0.0000014363    0.0000010782    0.0000033631
   0.0000025397    0.0000023142    0.0000053100
  -0.0000019571   -0.0000062554   -0.0000010331
   0.0000011209    0.0000017171    0.0000050679
   0.0000029356   -0.0000019819    0.0000020678
   0.0000011433   -0.0000051154   -0.0000016090
  -0.0000025114   -0.0000035039    0.0000014889
   0.0000018608   -0.0000008886   -0.0000008596
   0.0000012631   -0.0000003855   -0.0000004452
   0.0000012956    0.0000002758    0.0000002286
   0.0000018988    0.0000007959    0.0000007964
  -0.0000024455   -0.0000014431    0.0000034542
   0.0000014477    0.0000006583    0.0000028363
   0.0000007695   -0.0000000867    0.0000011843
   0.0000007818   -0.0000011397    0.0000002198
   0.0000014129   -0.0000028787   -0.0000005507
  -0.0000019848    0.0000155415   -0.0000021038
   0.0000015689    0.0000038762   -0.0000013005
   0.0000009556    0.0000023054   -0.0000024452
   0.0000015107    0.0000011877   -0.0000039506
  -0.0000020332    0.0000021152   -0.0000155695
   0.0000009548    0.0000119103   -0.0000148778
  -0.0000031727    0.0000076057   -0.0000014332
   0.0000001378    0.0000093152   -0.0000091942
  -0.0000032407    0.0000015223   -0.0000074055
   0.0000009048    0.0000148008   -0.0000118023
  -0.0000016984    0.0000275513   -0.0000015799
   0.0000028430    0.0000045542   -0.0000018358
   0.0000027993    0.0000016659   -0.0000046467
  -0.0000016918    0.0000014162   -0.0000276610
   0.0000075023   -0.0000000936    0.0000000914
  -0.0000017014   -0.0000015016    0.0000278728
   0.0000028446   -0.0000017574    0.0000046807
   0.0000027368   -0.0000047236    0.0000019550
  -0.0000016849   -0.0000277118    0.0000016299
   0.0000074690   -0.0000001183   -0.0000000257
   0.0000011608    0.0000870891    0.0000006302
   0.0000227017    0.0000012457   -0.0000010314
   0.0000011767   -0.0000008672   -0.0000875142
   0.0000147893    0.0000004498   -0.0000038737
   0.0000088395    0.0000013772    0.0000040983
  -0.0000033987    0.0000043034    0.0000245984
   0.0000019970   -0.0000042625    0.0000041684
  -0.0000034640   -0.0000246103   -0.0000041835
   0.0000088699   -0.0000041230   -0.0000013981
   0.0000148330    0.0000037466   -0.0000006470
   0.0001498906    0.0002586226    0.0001178031
   0.0001494888   -0.0001183466   -0.0002588197
   0.0000597786    0.0000081672   -0.0000082718
   0.0000219802    0.0000024949    0.0000045257
   0.0000087787    0.0000018263    0.0000038207
  -0.0000001788    0.0000139490    0.0000199980
  -0.0000002874   -0.0000202598   -0.0000136829
   0.0000088500   -0.0000037311   -0.0000018017
   0.0000220342   -0.0000046272   -0.0000025867
   0.0000596565    0.0000085657   -0.0000086876
  -0.0042046339    0.0010015089   -0.0010015981
   0.0002009765    0.0000000565   -0.0000032873
   0.0000607660    0.0000165577    0.0000078933
   0.0000162991    0.0000049670    0.0000038034
   0.0000017540    0.0000030893   -0.0000000632
  -0.0001044330   -0.0000152067    0.0000153973
   0.0000018134    0.0000001989   -0.0000030582
   0.0000163886   -0.0000040521   -0.0000048639
   0.0000608277   -0.0000078115   -0.0000181790
   0.0002014054    0.0000036618   -0.0000002158
  -0.0000052761    0.0001093403    0.0002323428
   0.0000045501   -0.0000004852   -0.0000871706
  -0.0000004807    0.0000033225   -0.0000252852
  -0.0000066622   -0.0000021207   -0.0000170087
  -0.0000051051    0.0000047635   -0.0000045582
  -0.0000066552    0.0000172524    0.0000021377
  -0.0000005539    0.0000257196   -0.0000032988
   0.0000045825    0.0000868753    0.0000004914
  -0.0000052367   -0.0002321998   -0.0001096710
  -0.0000179207    0.0001141813   -0.0001140368
  -0.0000045157    0.0000243180    0.0000064640
   0.0000052844   -0.0000030746   -0.0000053264
   0.0000007207   -0.0000037044   -0.0000068007
  -0.0000000722   -0.0000007287   -0.0000031063
  -0.0000001207    0.0000031943    0.0000006962
   0.0000007219    0.0000069921    0.0000035923
   0.0000051369    0.0000055825    0.0000029752
  -0.0000045895   -0.0000062931   -0.0000241640
   0.0000068738    0.0000179038    0.0000085702
   0.0000068336   -0.0000086570   -0.0000177700
   0.0000011267    0.0000081465    0.0000082115
   0.0000015508   -0.0000039122   -0.0000037733
   0.0000008522   -0.0000023512   -0.0000022681
   0.0000008586    0.0000000176   -0.0000000277
   0.0000008831    0.0000023499    0.0000022145
   0.0000015616    0.0000038731    0.0000037711
   0.0000011416   -0.0000080897   -0.0000082381
   0.0000020491    0.0000034132    0.0000034179
   0.0000039957   -0.0000000215    0.0000000027
   0.0000020236   -0.0000034974   -0.0000033443
  -0.0000000800    0.0000009240    0.0000012212
   0.0000006905   -0.0000011499   -0.0000011281
   0.0000010710   -0.0000003907   -0.0000005011
   0.0000010712    0.0000004486    0.0000002687
   0.0000006914    0.0000011789    0.0000010250
  -0.0000001001   -0.0000011308   -0.0000010032
   0.0000003158    0.0000016615    0.0000022136
   0.0000003318    0.0000004611    0.0000011992
   0.0000002861   -0.0000011820   -0.0000003835
   0.0000003094   -0.0000022592   -0.0000015510
   0.0000006822    0.0000047157    0.0000011599
   0.0000003171    0.0000021600   -0.0000006671
   0.0000003364    0.0000013958   -0.0000014399
   0.0000003102    0.0000006660   -0.0000022977
   0.0000006392   -0.0000011260   -0.0000047991
  -0.0000037090   -0.0000015008    0.0000141729
  -0.0000007188   -0.0000002086    0.0000056684
   0.0000003071   -0.0000027306    0.0000027889
  -0.0000007226   -0.0000056899    0.0000002677
  -0.0000037418   -0.0000142345    0.0000016174
  -0.0000035091    0.0000161676   -0.0000016384
  -0.0000010574    0.0000056613   -0.0000025817
  -0.0000010629    0.0000025002   -0.0000057451
  -0.0000035562    0.0000016580   -0.0000161979
  -0.0000013044    0.0000074162   -0.0000204390
  -0.0000039725    0.0000352638   -0.0000549549
  -0.0000071327    0.0000250134   -0.0000063764
  -0.0000070788    0.0000065680   -0.0000246854
  -0.0000039391    0.0000549546   -0.0000350251
  -0.0000012111    0.0000204014   -0.0000071958
  -0.0000034571    0.0000247461    0.0000041317
   0.0000019640    0.0000041779   -0.0000043282
  -0.0000034152   -0.0000043104   -0.0000245902
   0.0000088239   -0.0000015432   -0.0000039877
   0.0000148047   -0.0000008054    0.0000042080
   0.0000011947    0.0000006027    0.0000878254
   0.0000225273   -0.0000017442    0.0000019958
   0.0000012919   -0.0000877427   -0.0000005329
   0.0000148189   -0.0000041507    0.0000006851
   0.0000088585    0.0000039419    0.0000013935
   0.0000222253    0.0000639873    0.0000465386
   0.0000227667   -0.0000472469   -0.0000620344
   0.0000214831   -0.0000031548   -0.0000041647
   0.0000161093   -0.0000001118    0.0000000972
   0.0000215283    0.0000028533    0.0000040756
   0.0000226900    0.0000471841    0.0000615137
   0.0000222513   -0.0000628569   -0.0000464353
   0.0000215034   -0.0000041783   -0.0000027452
   0.0000161476   -0.0000001160    0.0000000287
   0.0000214986    0.0000039739    0.0000027607
  -0.0010229525    0.0002363691   -0.0002380188
   0.0000600350   -0.0000198422    0.0000086356
   0.0000328884   -0.0000003924   -0.0000000340
   0.0000189652    0.0000004854   -0.0000000788
   0.0000157507    0.0000054201   -0.0000037053
  -0.0003064100   -0.0000564596    0.0000568172
   0.0000158630    0.0000042895   -0.0000051700
   0.0000189793    0.0000001017   -0.0000005178
   0.0000329628   -0.0000003412    0.0000001864
   0.0000599527   -0.0000085246    0.0000198989
   0.0001539160    0.0000399046    0.0002640555
   0.0000614171   -0.0000102416   -0.0000073998
   0.0000236506    0.0000021298   -0.0000044942
   0.0000103627    0.0000013356   -0.0000041806
   0.0000008754   -0.0000011532   -0.0000280612
   0.0000009440    0.0000282422    0.0000013529
   0.0000104232    0.0000043612   -0.0000013320
   0.0000236464    0.0000043733   -0.0000021579
   0.0000613015    0.0000076330    0.0000097015
   0.0001539135   -0.0002641708   -0.0000404827
  -0.0000007121    0.0000343815    0.0000570613
   0.0000010630   -0.0000025835   -0.0000279541
  -0.0000012292   -0.0000023115   -0.0000174187
   0.0000002503    0.0000029790   -0.0000071754
   0.0000002453    0.0000074070   -0.0000028551
  -0.0000012722    0.0000176677    0.0000022437
   0.0000010442    0.0000279385    0.0000025825
  -0.0000007879   -0.0000568323   -0.0000344212
  -0.0000057293    0.0000430702    0.0000015254
  -0.0000056496   -0.0000016127   -0.0000431000
  -0.0000019368    0.0000063276    0.0000010423
   0.0000026053   -0.0000023391   -0.0000052868
   0.0000013957   -0.0000010820   -0.0000034282
   0.0000015296    0.0000011659   -0.0000011118
   0.0000013708    0.0000035240    0.0000010145
   0.0000024884    0.0000054308    0.0000021836
  -0.0000020234   -0.0000009225   -0.0000064212
   0.0000011436    0.0000050498    0.0000016322
   0.0000029670    0.0000019644   -0.0000020208
   0.0000011726   -0.0000017749   -0.0000049777
  -0.0000001441    0.0000011224    0.0000010144
   0.0000007189   -0.0000012121   -0.0000010522
   0.0000010698   -0.0000004574   -0.0000003845
   0.0000010815    0.0000003874    0.0000004463
   0.0000006627    0.0000011282    0.0000011003
  -0.0000001479   -0.0000008968   -0.0000012435
   0.0000002822    0.0000021894    0.0000016093
   0.0000002786    0.0000011739    0.0000004497
   0.0000002975   -0.0000004801   -0.0000011466
   0.0000003442   -0.0000016807   -0.0000021387
  -0.0000002849    0.0000027332    0.0000028095
   0.0000002214    0.0000006576    0.0000007115
  -0.0000000308    0.0000000464   -0.0000000273
   0.0000001930   -0.0000005978   -0.0000007135
  -0.0000003192   -0.0000026959   -0.0000028081
  -0.0000004811    0.0000048649    0.0000047308
   0.0000007145    0.0000033223    0.0000032964
   0.0000020595    0.0000000067    0.0000000044
   0.0000007456   -0.0000033170   -0.0000032101
  -0.0000004440   -0.0000048809   -0.0000047259
  -0.0000018964    0.0000062845    0.0000028520
  -0.0000018340    0.0000024854   -0.0000001825
  -0.0000018538    0.0000001710   -0.0000025827
  -0.0000019566   -0.0000028234   -0.0000063636
   0.0000031667   -0.0000017040   -0.0000039876
  -0.0000087596    0.0000001335    0.0000449737
   0.0000037783   -0.0000074197    0.0000182654
   0.0000037847   -0.0000183889    0.0000074002
  -0.0000088454   -0.0000451356   -0.0000000380
   0.0000031650    0.0000039972    0.0000017285
  -0.0000088028    0.0000162659   -0.0000014574
  -0.0000067378    0.0000046430   -0.0000047385
  -0.0000088078    0.0000014915   -0.0000163735
  -0.0000030545    0.0000087348   -0.0000248958
   0.0000026330    0.0000255175   -0.0000639109
  -0.0000101836    0.0001092455   -0.0002279675
  -0.0000169613    0.0000406962   -0.0000400855
  -0.0000100364    0.0002280851   -0.0001091233
   0.0000027741    0.0000637938   -0.0000249640
  -0.0000029761    0.0000248051   -0.0000086054
  -0.0000003420    0.0000207081    0.0000136300
  -0.0000001616   -0.0000138833   -0.0000201521
   0.0000087899   -0.0000019493   -0.0000037067
   0.0000219752   -0.0000027315   -0.0000043242
   0.0000599163   -0.0000094056    0.0000082063
   0.0001495898    0.0001174880    0.0002590531
   0.0001500322   -0.0002586784   -0.0001173785
   0.0000597805   -0.0000084198    0.0000092313
   0.0000220409    0.0000043342    0.0000026140
   0.0000088201    0.0000035929    0.0000017334
  -0.0003065507    0.0000587284   -0.0000576299
   0.0000158164   -0.0000059589    0.0000043568
   0.0000189676   -0.0000006340    0.0000002795
   0.0000328727    0.0000001140    0.0000003516
   0.0000600434    0.0000176662   -0.0000086231
  -0.0010233669   -0.0002359466    0.0002372694
   0.0000601022    0.0000088114   -0.0000190980
   0.0000329157   -0.0000002057   -0.0000000615
   0.0000189571   -0.0000003850    0.0000004936
   0.0000158441   -0.0000047103    0.0000051766
   0.0000248195    0.0000058631    0.0000873088
   0.0000234656   -0.0000030270    0.0000052998
   0.0000178599   -0.0000000911    0.0000001162
   0.0000234083    0.0000028590   -0.0000050379
   0.0000248146   -0.0000053594   -0.0000873518
   0.0000249781    0.0000874848    0.0000056242
   0.0000234590    0.0000052390   -0.0000027125
   0.0000178551   -0.0000001414    0.0000000320
   0.0000234964   -0.0000055572    0.0000027123
   0.0000250805   -0.0000875988   -0.0000057912
   0.0000047490    0.0000246187    0.0000646309
   0.0000175541   -0.0000014727   -0.0000033245
   0.0000117015    0.0000009992   -0.0000046414
  -0.0000006683   -0.0000085775   -0.0000259492
   0.0000039635    0.0000060200   -0.0000056990
  -0.0000006690    0.0000260592    0.0000087009
   0.0000117203    0.0000047289   -0.0000009852
   0.0000174924    0.0000032095    0.0000011308
   0.0000048502   -0.0000646715   -0.0000244014
   0.0000227567   -0.0000054326    0.0000047960
   0.0000027371    0.0000112676    0.0000157281
  -0.0000004494   -0.0000023902   -0.0000164818
   0.0000024386    0.0000015994   -0.0000064025
   0.0000017228    0.0000040788   -0.0000039104
   0.0000024204    0.0000065823   -0.0000014944
  -0.0000004857    0.0000165728    0.0000023871
   0.0000027163   -0.0000156773   -0.0000113584
  -0.0000018096    0.0000125634    0.0000028271
   0.0000018726    0.0000030617   -0.0000031413
  -0.0000017216   -0.0000029535   -0.0000125894
  -0.0000024732    0.0000014708   -0.0000033736
   0.0000018689   -0.0000008849   -0.0000007426
   0.0000012683   -0.0000003369   -0.0000002561
   0.0000012830    0.0000003722    0.0000004078
   0.0000018198    0.0000008626    0.0000008080
  -0.0000024893    0.0000035059   -0.0000015325
   0.0000013978    0.0000028302    0.0000005287
   0.0000007469    0.0000010802   -0.0000001647
   0.0000007950    0.0000000923   -0.0000011371
   0.0000013916   -0.0000007273   -0.0000027523
   0.0000006579    0.0000011204    0.0000048141
   0.0000003882   -0.0000006440    0.0000022480
   0.0000003203   -0.0000013477    0.0000014364
   0.0000003174   -0.0000021526    0.0000005582
   0.0000006546   -0.0000047719   -0.0000012563
  -0.0000037374    0.0000142019   -0.0000015794
  -0.0000006835    0.0000056375   -0.0000002641
   0.0000002854    0.0000026831   -0.0000027226
  -0.0000007068    0.0000001540   -0.0000055696
  -0.0000037046    0.0000014943   -0.0000140876
  -0.0000019093    0.0000028956    0.0000063382
  -0.0000018452   -0.0000001475    0.0000024927
  -0.0000018651   -0.0000024281    0.0000001352
  -0.0000019551   -0.0000062540   -0.0000029606
   0.0000031758   -0.0000041603   -0.0000017197
  -0.0000088700    0.0000450208    0.0000001108
   0.0000037212    0.0000181562   -0.0000073531
   0.0000036517    0.0000070365   -0.0000179370
  -0.0000087381   -0.0000001265   -0.0000448752
   0.0000032031    0.0000015902    0.0000040649
  -0.0000070534    0.0000046003    0.0000046019
  -0.0000071767    0.0000000507   -0.0000000681
  -0.0000070607   -0.0000045460   -0.0000046582
   0.0000018300   -0.0000053681   -0.0000052498
   0.0000204059   -0.0000039238   -0.0000034528
  -0.0000211321    0.0001162017    0.0001161819
   0.0000211615   -0.0000000237    0.0000000406
  -0.0000211184   -0.0001165101   -0.0001159348
   0.0000204247    0.0000037280    0.0000035508
   0.0000018274    0.0000052377    0.0000053112
  -0.0000080563    0.0000158136    0.0000029205
  -0.0000080275   -0.0000029597   -0.0000157159
  -0.0000002481    0.0000014362   -0.0000277306
   0.0000238940    0.0000069145   -0.0000862977
   0.0001533733    0.0000423163   -0.0002645722
   0.0016701928    0.0015716756   -0.0010590201
   0.0016701960    0.0010590152   -0.0015715691
   0.0001534637    0.0002648477   -0.0000425831
   0.0000240856    0.0000861327   -0.0000065117
  -0.0000001768    0.0000275832   -0.0000013101
  -0.0001044971    0.0000159624   -0.0000157014
   0.0000017589   -0.0000034031    0.0000002040
   0.0000162887   -0.0000055279   -0.0000033370
   0.0000608150   -0.0000186434   -0.0000081573
   0.0002010011    0.0000000365    0.0000032724
  -0.0042046490   -0.0010015615    0.0010016385
   0.0002012472   -0.0000031750    0.0000001031
   0.0000607938    0.0000080065    0.0000191527
   0.0000163011    0.0000035117    0.0000049723
   0.0000017714   -0.0000004069    0.0000030016
   0.0000008870    0.0000013514    0.0000280040
   0.0000103975   -0.0000014587    0.0000043163
   0.0000236815   -0.0000023534    0.0000044315
   0.0000614349    0.0000090114    0.0000074233
   0.0001538513   -0.0000399602   -0.0002641282
   0.0001537818    0.0002645286    0.0000401647
   0.0000613372   -0.0000076454   -0.0000092402
   0.0000236453   -0.0000047742    0.0000022793
   0.0000104079   -0.0000045003    0.0000012570
   0.0000009314   -0.0000281171   -0.0000014528
  -0.0000006705    0.0000087585    0.0000258924
   0.0000117389   -0.0000011222    0.0000047542
   0.0000174910    0.0000011604    0.0000036864
   0.0000047922   -0.0000243628   -0.0000648587
   0.0000227416    0.0000051377   -0.0000046031
   0.0000048826    0.0000648863    0.0000242326
   0.0000175207   -0.0000036442   -0.0000011209
   0.0000117027   -0.0000049506    0.0000009825
  -0.0000006325   -0.0000260549   -0.0000087414
   0.0000040033   -0.0000061398    0.0000057941
   0.0000012906    0.0000070806    0.0000215792
   0.0000103012   -0.0000001193    0.0000001148
   0.0000012373   -0.0000070231   -0.0000216367
   0.0000058756    0.0000026477   -0.0000055029
   0.0000058465    0.0000057401   -0.0000025139
   0.0000012565    0.0000216821    0.0000070393
   0.0000102556   -0.0000001282   -0.0000000044
   0.0000012740   -0.0000216589   -0.0000070980
   0.0000058575   -0.0000059183    0.0000024994
   0.0000058769   -0.0000028003    0.0000055651
   0.0330278599    0.0233445176    0.0233446217
   0.0017907432   -0.0005387298   -0.0005391451
   0.0005504967   -0.0001117011   -0.0001093173
   0.0001679306   -0.0000308067   -0.0000294683
   0.0000688099   -0.0000016990   -0.0000012320
   0.0000688185    0.0000009764    0.0000013639
   0.0001678763    0.0000294140    0.0000297793
   0.0005503896    0.0001084560    0.0001097530
   0.0017908297    0.0005380253    0.0005399555
   0.0330278698   -0.0233445679   -0.0233445695
   0.0001647381   -0.0005337866    0.0002277629
  -0.0000269768    0.0001739568   -0.0000349425
   0.0000010791    0.0000446817   -0.0000001795
   0.0000101975    0.0000185890    0.0000000136
   0.0000072649    0.0000050756   -0.0000051904
   0.0000102390   -0.0000000300   -0.0000187452
   0.0000011898    0.0000002321   -0.0000448592
  -0.0000267155    0.0000344773   -0.0001735525
   0.0001645627   -0.0002275862    0.0005337723
   0.0000086620    0.0002507924   -0.0002507415
   0.0000368992   -0.0001086913   -0.0000104737
  -0.0000154101    0.0000450338   -0.0000180542
   0.0000047746    0.0000185038   -0.0000034805
   0.0000036676    0.0000060690   -0.0000045644
   0.0000036873    0.0000045051   -0.0000062253
   0.0000048105    0.0000034946   -0.0000186282
  -0.0000153349    0.0000183159   -0.0000448747
   0.0000368209    0.0000112761    0.0001078018
  -0.0000243981    0.0000212161   -0.0000960004
  -0.0000250769    0.0000960791   -0.0000214941
   0.0000102464   -0.0000289327   -0.0000027617
  -0.0000014312    0.0000183186   -0.0000053213
   0.0000007398    0.0000054932   -0.0000036384
   0.0000020435    0.0000036950   -0.0000037906
   0.0000007865    0.0000035523   -0.0000056307
  -0.0000013733    0.0000053969   -0.0000182928
   0.0000102575    0.0000029795    0.0000287806
  -0.0000083041    0.0000073403   -0.0000279477
   0.0000050638    0.0000083011   -0.0000081566
  -0.0000083976    0.0000280050   -0.0000071216
   0.0000038684   -0.0000009658    0.0000001411
  -0.0000021730    0.0000038115   -0.0000045626
   0.0000013950    0.0000025170   -0.0000023763
   0.0000013850    0.0000022364   -0.0000026262
  -0.0000020824    0.0000045846   -0.0000038817
   0.0000039066   -0.0000000420    0.0000009329
  -0.0000026496    0.0000024460   -0.0000104837
   0.0000005413    0.0000036725   -0.0000040458
   0.0000005542    0.0000041862   -0.0000035328
  -0.0000027142    0.0000105343   -0.0000023247
   0.0000033128    0.0000001178    0.0000005765
   0.0000015093   -0.0000016591   -0.0000040033
   0.0000043516    0.0000013785   -0.0000015440
   0.0000015010    0.0000038967    0.0000016315
   0.0000032715   -0.0000005895   -0.0000001866
   0.0000032674    0.0000005771    0.0000002214
   0.0000015312   -0.0000039418   -0.0000015518
   0.0000043742   -0.0000014078    0.0000015084
   0.0000015128    0.0000016413    0.0000039830
   0.0000032591   -0.0000001815   -0.0000006897
   0.0000080038    0.0000281376   -0.0000019179
   0.0000032087   -0.0000008979   -0.0000164028
   0.0000032794    0.0000164027    0.0000009191
   0.0000079479    0.0000018694   -0.0000281008
  -0.0000001133    0.0000012005   -0.0000108722
  -0.0000031277   -0.0000044423   -0.0000193118
   0.0000014697    0.0000049474   -0.0000051042
   0.0000014549    0.0000052397   -0.0000047784
  -0.0000031064    0.0000194799    0.0000045573
  -0.0000000825    0.0000110600   -0.0000013512
   0.0000327807    0.0001062054   -0.0000104225
  -0.0000098671    0.0000325342   -0.0000321263
   0.0000326468    0.0000108308   -0.0001060161
   0.0000098652    0.0000052163   -0.0000332683
   0.0000012912    0.0000022714   -0.0000149942
   0.0000024656   -0.0000023653   -0.0000194312
   0.0000042592    0.0000049559   -0.0000048073
   0.0000024665    0.0000196116    0.0000023512
   0.0000013347    0.0000151975   -0.0000022952
   0.0000099657    0.0000334948   -0.0000054003
   0.0001558590    0.0005289661    0.0002238693
   0.0001556472   -0.0002240109   -0.0005299374
   0.0000364405    0.0000192274   -0.0001046989
   0.0000125184    0.0000063624   -0.0000396402
   0.0000044525    0.0000027320   -0.0000149773
   0.0000079394    0.0000005473   -0.0000192948
   0.0000079225    0.0000193427   -0.0000005799
   0.0000044677    0.0000152373   -0.0000028285
   0.0000126441    0.0000399960   -0.0000065440
   0.0000364242    0.0001048956   -0.0000198241
   0.0327288125   -0.0227495769    0.0227495433
  -0.0003024484    0.0002421962   -0.0003757672
  -0.0000888484    0.0000988161   -0.0001011144
  -0.0000181487    0.0000274840   -0.0000319805
  -0.0000009127    0.0000096031   -0.0000107575
   0.0000678055   -0.0000012670    0.0000010452
  -0.0000008230    0.0000110697   -0.0000095452
  -0.0000178399    0.0000328420   -0.0000274140
  -0.0000890339    0.0001012735   -0.0000987689
  -0.0003023866    0.0003753299   -0.0002421249
   0.0001648289    0.0002278244   -0.0005335978
  -0.0000269046   -0.0000345695    0.0001739050
   0.0000012112   -0.0000005084    0.0000447191
   0.0000102263   -0.0000001548    0.0000187233
   0.0000072429   -0.0000051871    0.0000051397
   0.0000102174   -0.0000187285    0.0000000365
   0.0000011077   -0.0000447062    0.0000003413
  -0.0000271143   -0.0001742016    0.0000345972
   0.0001648283    0.0005327408   -0.0002277685
   0.0000086584   -0.0002508482    0.0002507960
  -0.0000069002   -0.0000338469   -0.0000334678
   0.0000108603    0.0000039796    0.0000036704
   0.0000067107    0.0000037325    0.0000038056
   0.0000060178    0.0000002696    0.0000003354
   0.0000060287   -0.0000002882   -0.0000003724
   0.0000067306   -0.0000037323   -0.0000037910
   0.0000108039   -0.0000040873   -0.0000040573
  -0.0000068853    0.0000341639    0.0000333950
   0.0000059214   -0.0000108290   -0.0000102701
   0.0000057820    0.0000104791    0.0000105650
   0.0000051443   -0.0000004858   -0.0000178699
   0.0000028801    0.0000037578    0.0000033019
   0.0000016645    0.0000022939   -0.0000008368
   0.0000029192    0.0000011164   -0.0000012036
   0.0000016569    0.0000008959   -0.0000024308
   0.0000029118   -0.0000033118   -0.0000038298
   0.0000052293    0.0000181677    0.0000003220
  -0.0000001855   -0.0000002047   -0.0000091919
   0.0000064525    0.0000057998   -0.0000057528
   0.0000000213    0.0000092398    0.0000001554
   0.0000016104    0.0000002925   -0.0000052185
   0.0000004180    0.0000001687   -0.0000007680
   0.0000010383    0.0000005961   -0.0000013047
   0.0000010542    0.0000012383   -0.0000007206
   0.0000004721    0.0000007812   -0.0000002627
   0.0000016743    0.0000054014   -0.0000003898
  -0.0000000475    0.0000011440   -0.0000040669
   0.0000011064    0.0000024385   -0.0000019916
   0.0000010835    0.0000020117   -0.0000023459
  -0.0000000607    0.0000040632   -0.0000010595
  -0.0000030024   -0.0000052361   -0.0000047012
   0.0000000568   -0.0000016436   -0.0000001666
  -0.0000005012   -0.0000005971    0.0000004426
   0.0000000492    0.0000000437    0.0000015172
  -0.0000029415    0.0000047686    0.0000051752
  -0.0000036936   -0.0000012061   -0.0000097352
  -0.0000007217    0.0000006729   -0.0000044784
  -0.0000014085    0.0000031253   -0.0000029597
  -0.0000007155    0.0000045323   -0.0000005309
  -0.0000036651    0.0000097358    0.0000012980
  -0.0000031208   -0.0000194982   -0.0000045509
   0.0000014778   -0.0000052137    0.0000046631
   0.0000014178   -0.0000049162    0.0000050426
  -0.0000030773    0.0000045100    0.0000193814
  -0.0000000672   -0.0000011455    0.0000108997
   0.0000080171   -0.0000019352    0.0000281265
   0.0000033028   -0.0000165349   -0.0000008263
   0.0000033085    0.0000008849    0.0000164813
   0.0000079936   -0.0000281915    0.0000018592
  -0.0000000464   -0.0000110686    0.0000012081
  -0.0000179233   -0.0000458073   -0.0000169733
   0.0000082734   -0.0000054521    0.0000047546
  -0.0000178949    0.0000169833    0.0000458752
  -0.0000117169    0.0000005987    0.0000016010
  -0.0000116997   -0.0000003339   -0.0000015953
  -0.0000178939   -0.0000167272   -0.0000456958
   0.0000082565    0.0000054247   -0.0000052175
  -0.0000179124    0.0000460563    0.0000171670
  -0.0000117270    0.0000019025    0.0000003296
  -0.0000117204   -0.0000015854   -0.0000005415
  -0.0000294086   -0.0001752755   -0.0000339719
  -0.0000291035    0.0000339924    0.0001747281
  -0.0000241320   -0.0000018627    0.0000013876
  -0.0000140226    0.0000025771   -0.0000020562
  -0.0000105623    0.0000021587   -0.0000049249
  -0.0000010812    0.0000009249   -0.0000456218
  -0.0000011757    0.0000457063   -0.0000008678
  -0.0000105700    0.0000052210   -0.0000019308
  -0.0000139677    0.0000022543   -0.0000024360
  -0.0000241402   -0.0000013089    0.0000021319
   0.0017821558    0.0005365228   -0.0005377527
  -0.0001106986   -0.0000091120   -0.0000118315
  -0.0000506132    0.0000046967    0.0000053288
  -0.0000188342    0.0000022361   -0.0000022018
  -0.0000088582    0.0000048518   -0.0000021802
   0.0001665771   -0.0000300366    0.0000293419
  -0.0000088400    0.0000024677   -0.0000043851
  -0.0000187808    0.0000024376   -0.0000021022
  -0.0000506403   -0.0000053483   -0.0000044662
  -0.0001104643    0.0000123560    0.0000112877
  -0.0003082498   -0.0002510824   -0.0003698097
  -0.0001102115    0.0000115821   -0.0000115901
  -0.0000317789    0.0000114880    0.0000012964
  -0.0000078278    0.0000044323    0.0000011311
  -0.0000003726    0.0000097332    0.0000100600
  -0.0000002699   -0.0000103365   -0.0000095477
  -0.0000078268   -0.0000010621   -0.0000040955
  -0.0000317407   -0.0000013159   -0.0000106364
  -0.0001102496    0.0000121555   -0.0000122295
  -0.0003081741    0.0003692677    0.0002506997
   0.0000368824   -0.0000116322   -0.0001078745
  -0.0000153641   -0.0000180990    0.0000450872
   0.0000047881   -0.0000035495    0.0000186647
   0.0000036936   -0.0000045344    0.0000062029
   0.0000036841   -0.0000060880    0.0000044909
   0.0000047921   -0.0000186109    0.0000034683
  -0.0000153807   -0.0000448181    0.0000182542
   0.0000369231    0.0001081614    0.0000106695
  -0.0000247869   -0.0000957968    0.0000215179
  -0.0000246937   -0.0000215860    0.0000959542
   0.0000051513   -0.0000182570   -0.0000002234
   0.0000028235    0.0000032877    0.0000038198
   0.0000016407   -0.0000008553    0.0000024079
   0.0000029128   -0.0000011199    0.0000011693
   0.0000016559   -0.0000022997    0.0000007949
   0.0000028638   -0.0000037148   -0.0000034028
   0.0000051779    0.0000004241    0.0000179657
  -0.0000000276   -0.0000093862   -0.0000002151
   0.0000064562   -0.0000058529    0.0000058000
  -0.0000000410    0.0000002404    0.0000092760
   0.0000042587   -0.0000031070   -0.0000029943
  -0.0000004135   -0.0000005512   -0.0000004691
   0.0000017412   -0.0000001570   -0.0000001483
   0.0000017150    0.0000002108    0.0000000948
  -0.0000004363    0.0000005973    0.0000005014
   0.0000042087    0.0000030602    0.0000029804
  -0.0000010246   -0.0000015785   -0.0000016366
   0.0000016361    0.0000007522    0.0000007443
   0.0000016591   -0.0000007829   -0.0000006913
  -0.0000010185    0.0000015927    0.0000016739
   0.0000000501   -0.0000039911   -0.0000031119
   0.0000003155   -0.0000014371   -0.0000013191
   0.0000012512   -0.0000001791    0.0000001138
   0.0000003751    0.0000013263    0.0000012653
   0.0000001057    0.0000032508    0.0000038573
  -0.0000009150   -0.0000019863   -0.0000026803
  -0.0000001301   -0.0000009161   -0.0000012607
   0.0000006687   -0.0000002754    0.0000003165
  -0.0000001441    0.0000012420    0.0000010067
  -0.0000009140    0.0000026317    0.0000020710
  -0.0000010346   -0.0000067423   -0.0000031069
   0.0000001629   -0.0000031867   -0.0000000257
   0.0000001721   -0.0000000439    0.0000029898
  -0.0000010433    0.0000031783    0.0000066042
  -0.0000058948    0.0000018385    0.0000019277
  -0.0000109627   -0.0000059824   -0.0000270813
  -0.0000028047    0.0000015083   -0.0000092963
  -0.0000028611    0.0000094304   -0.0000013021
  -0.0000109301    0.0000270985    0.0000061078
  -0.0000059037   -0.0000019366   -0.0000017026
   0.0000024435   -0.0000197204   -0.0000024200
   0.0000042435   -0.0000049616    0.0000047604
   0.0000024465    0.0000022662    0.0000194949
   0.0000013139   -0.0000022805    0.0000150076
   0.0000098890   -0.0000052695    0.0000333509
   0.0000328600   -0.0000111419    0.0001060799
  -0.0000100510   -0.0000324390    0.0000321739
   0.0000329161   -0.0001068473    0.0000104950
   0.0000099979   -0.0000337911    0.0000053208
   0.0000013532   -0.0000152799    0.0000022564
  -0.0000011413   -0.0000457723    0.0000009685
  -0.0000010379   -0.0000011549    0.0000454390
  -0.0000105602   -0.0000019434    0.0000047900
  -0.0000140187   -0.0000022920    0.0000020865
  -0.0000241196    0.0000025410   -0.0000012597
  -0.0000293452   -0.0000333544   -0.0001745973
  -0.0000295010    0.0001752123    0.0000340603
  -0.0000242171    0.0000019983   -0.0000024192
  -0.0000139868   -0.0000019325    0.0000023383
  -0.0000105744   -0.0000049640    0.0000018516
   0.0005481279    0.0001077252   -0.0001088346
  -0.0000328923   -0.0000114033    0.0000016029
  -0.0000257262    0.0000006747    0.0000033466
  -0.0000257348   -0.0000003596   -0.0000033897
  -0.0000330071    0.0000122906   -0.0000024228
   0.0005484167   -0.0001113194    0.0001097090
  -0.0000329413    0.0000026048   -0.0000112103
  -0.0000256933    0.0000036117    0.0000005007
  -0.0000256996   -0.0000033353   -0.0000006865
  -0.0000329782   -0.0000021382    0.0000110858
  -0.0000884792   -0.0000988255   -0.0001004607
  -0.0000497384   -0.0000043362    0.0000056981
  -0.0000248464   -0.0000005635    0.0000030786
  -0.0000180603    0.0000021787    0.0000013025
  -0.0000178148    0.0000278340    0.0000315951
  -0.0000174855   -0.0000325172   -0.0000274474
  -0.0000180225   -0.0000011176   -0.0000019269
  -0.0000247978   -0.0000029552    0.0000006391
  -0.0000498057   -0.0000058415    0.0000041656
  -0.0000885813    0.0001006861    0.0000993149
   0.0000395896   -0.0000212728   -0.0001028661
  -0.0000215333    0.0000018472    0.0000014328
  -0.0000083165    0.0000012128    0.0000041863
   0.0000063898    0.0000021778    0.0000142736
  -0.0000014741   -0.0000014121    0.0000014847
   0.0000064142   -0.0000142995   -0.0000021737
  -0.0000083460   -0.0000041353   -0.0000010887
  -0.0000215728   -0.0000013161   -0.0000019022
   0.0000394419    0.0001028419    0.0000213171
  -0.0000625115    0.0000047200   -0.0000047063
   0.0000102482   -0.0000030386   -0.0000287588
  -0.0000014148   -0.0000053557    0.0000183881
   0.0000007542   -0.0000035484    0.0000056288
   0.0000019888   -0.0000037005    0.0000038036
   0.0000007259   -0.0000054732    0.0000035682
  -0.0000013995   -0.0000183008    0.0000053290
   0.0000101795    0.0000288355    0.0000027177
  -0.0000083606   -0.0000279896    0.0000071978
   0.0000050572   -0.0000083738    0.0000081581
  -0.0000082853   -0.0000072572    0.0000280315
   0.0000016350   -0.0000053857    0.0000004493
   0.0000003941   -0.0000007458    0.0000002468
   0.0000010432   -0.0000011829    0.0000007201
   0.0000010376   -0.0000005954    0.0000012610
   0.0000003897   -0.0000001853    0.0000006596
   0.0000016270   -0.0000003466    0.0000052211
  -0.0000001142   -0.0000040946    0.0000010449
   0.0000010798   -0.0000020504    0.0000023749
   0.0000010875   -0.0000024588    0.0000020522
  -0.0000001012   -0.0000011187    0.0000041094
   0.0000000338   -0.0000032281   -0.0000038764
   0.0000003634   -0.0000013199   -0.0000012917
   0.0000012471    0.0000001788   -0.0000001526
   0.0000003630    0.0000014043    0.0000012018
   0.0000000653    0.0000039866    0.0000030855
  -0.0000008999   -0.0000026621   -0.0000020384
  -0.0000001637   -0.0000012718   -0.0000009763
   0.0000006338    0.0000002636   -0.0000002598
  -0.0000002279    0.0000009020    0.0000013306
  -0.0000008920    0.0000019854    0.0000027054
   0.0000000793   -0.0000042341   -0.0000041001
   0.0000011471   -0.0000011347   -0.0000010879
   0.0000011761    0.0000011138    0.0000010375
   0.0000000874    0.0000042275    0.0000040772
  -0.0000034653    0.0000020371    0.0000018949
   0.0000023066   -0.0000070263   -0.0000069077
   0.0000036375   -0.0000051823   -0.0000051429
   0.0000036583    0.0000051759    0.0000052361
   0.0000022588    0.0000068925    0.0000070232
  -0.0000034532   -0.0000019656   -0.0000019451
   0.0000014354   -0.0000066572   -0.0000039859
   0.0000036304   -0.0000008755    0.0000007351
   0.0000014085    0.0000039770    0.0000064765
  -0.0000050004    0.0000018455    0.0000029633
  -0.0000127749    0.0000079376    0.0000016215
  -0.0000278487   -0.0000207909   -0.0000951001
   0.0000023736    0.0000107147   -0.0000103956
  -0.0000279447    0.0000951274    0.0000209829
  -0.0000128406   -0.0000013616   -0.0000076216
  -0.0000049883   -0.0000030417   -0.0000017151
   0.0000079220   -0.0000195483    0.0000005987
   0.0000079506   -0.0000007323    0.0000192768
   0.0000044514   -0.0000027822    0.0000150437
   0.0000125453   -0.0000065182    0.0000398392
   0.0000366548   -0.0000200439    0.0001047360
   0.0001558649    0.0002240933    0.0005299241
   0.0001557953   -0.0005298934   -0.0002239017
   0.0000365419   -0.0001048980    0.0000200845
   0.0000126610   -0.0000403001    0.0000064737
   0.0000045107   -0.0000153475    0.0000027044
   0.0001664650    0.0000287168   -0.0000289978
  -0.0000088115   -0.0000045081    0.0000019584
  -0.0000188281   -0.0000019928    0.0000022431
  -0.0000506562   -0.0000039900   -0.0000054802
  -0.0001111175    0.0000125953    0.0000119840
   0.0017818495   -0.0005373978    0.0005389847
  -0.0001111337   -0.0000125381   -0.0000128511
  -0.0000506603    0.0000057933    0.0000042083
  -0.0000188088   -0.0000022078    0.0000019906
  -0.0000088707   -0.0000022729    0.0000042999
  -0.0000177731   -0.0000278617   -0.0000313265
  -0.0000180600   -0.0000019227   -0.0000013100
  -0.0000248527    0.0000008511   -0.0000031288
  -0.0000497782    0.0000050464   -0.0000059021
  -0.0000885703    0.0000996238    0.0001007019
  -0.0000889177   -0.0001006229   -0.0000991416
  -0.0000497790    0.0000062670   -0.0000045216
  -0.0000248204    0.0000032884   -0.0000007605
  -0.0000180664    0.0000012606    0.0000017979
  -0.0000174894    0.0000319026    0.0000273538
   0.0000148126   -0.0000066426   -0.0000385215
  -0.0000117967   -0.0000023611   -0.0000015739
  -0.0000118142    0.0000026325    0.0000015950
   0.0000147936    0.0000065215    0.0000386891
  -0.0000163694   -0.0000013779    0.0000015753
   0.0000149060   -0.0000389240   -0.0000064307
  -0.0000118089   -0.0000014059   -0.0000024352
  -0.0000118287    0.0000016498    0.0000022883
   0.0000148895    0.0000386872    0.0000063926
  -0.0000163688    0.0000015271   -0.0000016598
   0.0000126805   -0.0000061504   -0.0000321318
  -0.0000090917   -0.0000008909    0.0000015059
   0.0000039009    0.0000018542    0.0000141056
  -0.0000025228   -0.0000014543    0.0000021207
  -0.0000025439   -0.0000019404    0.0000015392
   0.0000039188   -0.0000141329   -0.0000017299
  -0.0000091079   -0.0000014684    0.0000008410
   0.0000127397    0.0000323154    0.0000059891
  -0.0000096616    0.0000002110   -0.0000068480
  -0.0000095630    0.0000068421   -0.0000004598
   0.0000038453    0.0000000560   -0.0000008854
  -0.0000020961   -0.0000045151    0.0000039294
   0.0000013772   -0.0000021823    0.0000026157
   0.0000013499   -0.0000025052    0.0000023120
  -0.0000021485   -0.0000037997    0.0000045404
   0.0000038752    0.0000008952   -0.0000002153
  -0.0000026862   -0.0000105521    0.0000022852
   0.0000005588   -0.0000042106    0.0000035450
   0.0000005961   -0.0000036946    0.0000040867
  -0.0000026317   -0.0000023859    0.0000105305
  -0.0000029874   -0.0000047192   -0.0000051540
   0.0000000648   -0.0000000524   -0.0000015533
  -0.0000004743    0.0000006352   -0.0000004737
   0.0000000518    0.0000016561    0.0000000970
  -0.0000030032    0.0000052843    0.0000046565
  -0.0000037299   -0.0000097210   -0.0000013595
  -0.0000007543   -0.0000045575    0.0000004889
  -0.0000014246   -0.0000030859    0.0000030173
  -0.0000006989   -0.0000006611    0.0000045136
  -0.0000036741    0.0000012151    0.0000097852
  -0.0000010308   -0.0000031809   -0.0000066055
   0.0000001606    0.0000000635   -0.0000030959
   0.0000001710    0.0000031675   -0.0000000072
  -0.0000010591    0.0000067191    0.0000030666
  -0.0000058783    0.0000020424    0.0000016213
  -0.0000109971   -0.0000270729   -0.0000060771
  -0.0000028094   -0.0000095363    0.0000012110
  -0.0000029795   -0.0000014302    0.0000093833
  -0.0000109898    0.0000059855    0.0000271791
  -0.0000059312   -0.0000017135   -0.0000019490
   0.0000014600   -0.0000040488   -0.0000065083
   0.0000036465    0.0000008008   -0.0000008040
   0.0000014218    0.0000065943    0.0000039075
  -0.0000049592    0.0000031088    0.0000017017
  -0.0000127822    0.0000017490    0.0000075216
  -0.0000278864   -0.0000948482   -0.0000208753
   0.0000025513   -0.0000111061    0.0000106989
  -0.0000275866    0.0000208337    0.0000950723
  -0.0000127213   -0.0000076888   -0.0000018359
  -0.0000049502   -0.0000018260   -0.0000029728
   0.0000052006   -0.0000052625   -0.0000051620
   0.0000051881    0.0000051241    0.0000051040
  -0.0000031899    0.0000018870    0.0000017379
  -0.0000183031    0.0000025325    0.0000022425
  -0.0000650866    0.0000061131    0.0000057862
   0.0000074524   -0.0002508253   -0.0002508106
   0.0000074445    0.0002507869    0.0002508704
  -0.0000649584   -0.0000059291   -0.0000057110
  -0.0000183250   -0.0000021674   -0.0000022323
  -0.0000032088   -0.0000018451   -0.0000016951
   0.0000678040    0.0000005750   -0.0000009271
  -0.0000008637   -0.0000096469    0.0000107359
  -0.0000180367   -0.0000276423    0.0000323718
  -0.0000884435   -0.0000983516    0.0001009395
  -0.0003024632   -0.0002421435    0.0003760734
   0.0327288084    0.0227495210   -0.0227494938
  -0.0003024596   -0.0003759661    0.0002421781
  -0.0000886779   -0.0001014087    0.0000988608
  -0.0000177031   -0.0000336107    0.0000273492
  -0.0000007916   -0.0000113081    0.0000094933
  -0.0000003546   -0.0000097450   -0.0000100353
  -0.0000078205   -0.0000040684   -0.0000012601
  -0.0000317318   -0.0000105179   -0.0000016328
  -0.0001098153   -0.0000081377    0.0000119931
  -0.0003082247    0.0002511018    0.0003700694
  -0.0003082131   -0.0003699172   -0.0002507969
  -0.0001095970   -0.0000126157    0.0000104022
  -0.0000318040    0.0000018787    0.0000104372
  -0.0000078828    0.0000013305    0.0000039096
  -0.0000003091    0.0000101206    0.0000094874
   0.0000063986   -0.0000022114   -0.0000142103
  -0.0000083188   -0.0000010077   -0.0000042992
  -0.0000215148   -0.0000010198   -0.0000013758
   0.0000393438    0.0000207734    0.0001028843
  -0.0000624717   -0.0000045990    0.0000045083
   0.0000393554   -0.0001030855   -0.0000205327
  -0.0000216500    0.0000019439    0.0000016147
  -0.0000083702    0.0000043759    0.0000010147
   0.0000064246    0.0000141958    0.0000021001
  -0.0000014677    0.0000014272   -0.0000015434
   0.0000038718   -0.0000017899   -0.0000140826
  -0.0000090809    0.0000011920   -0.0000015061
   0.0000126843    0.0000061061    0.0000322611
  -0.0000095826   -0.0000066583    0.0000003487
  -0.0000096433    0.0000001658    0.0000067105
   0.0000127760   -0.0000325750   -0.0000059573
  -0.0000091273    0.0000016779   -0.0000009817
   0.0000038797    0.0000140766    0.0000017020
  -0.0000025459    0.0000019989   -0.0000016081
  -0.0000025306    0.0000015073   -0.0000021433
   0.0000019799   -0.0000013981   -0.0000101515
   0.0000019801    0.0000014597    0.0000102105
  -0.0000034697   -0.0000009212    0.0000006023
  -0.0000009190   -0.0000004892    0.0000006714
  -0.0000034740   -0.0000003917    0.0000010416
   0.0000019847   -0.0000102933   -0.0000014134
   0.0000019913    0.0000102605    0.0000013500
  -0.0000034853    0.0000005132   -0.0000011391
  -0.0000008669    0.0000005588   -0.0000007317
  -0.0000034747    0.0000009910   -0.0000006292
