1728 
1    

1    
  0.0100000000000000  -0.0000000000000443   0.0000000000000406
  -0.1338733592    0.0000000037    0.0000000022
  -0.0042217317   -0.0010142687   -0.0010142657
  -0.0010246654   -0.0002375323   -0.0002375248
  -0.0003021430   -0.0000577908   -0.0000577727
  -0.0000913262   -0.0000175887   -0.0000175693
  -0.0000330237   -0.0000059366   -0.0000059370
  -0.0000364243   -0.0000000335    0.0000000116
  -0.0000330320    0.0000059391    0.0000059414
  -0.0000913405    0.0000175954    0.0000175692
  -0.0003021728    0.0000578227    0.0000577889
  -0.0010246757    0.0002375308    0.0002375255
  -0.0042217310    0.0010142756    0.0010142798
   0.0016917945    0.0010644335    0.0015850905
   0.0001488427   -0.0002593497    0.0001125909
   0.0000250072   -0.0000616016    0.0000460410
   0.0000029098   -0.0000180344    0.0000127359
  -0.0000008347   -0.0000076961    0.0000016713
  -0.0000023919   -0.0000052779   -0.0000009506
  -0.0000024143    0.0000009003    0.0000052284
  -0.0000008307   -0.0000016457    0.0000076686
   0.0000028901   -0.0000127221    0.0000180219
   0.0000249990   -0.0000460235    0.0000616025
   0.0001488353   -0.0001125766    0.0002593466
   0.0016917864   -0.0015850757   -0.0010644315
  -0.0000072825    0.0002316043    0.0001082229
   0.0000022481   -0.0000856112    0.0000004085
  -0.0000024476   -0.0000223659    0.0000034797
  -0.0000022157   -0.0000084167   -0.0000002079
  -0.0000035225   -0.0000063462   -0.0000026246
  -0.0000027410   -0.0000011201    0.0000010933
  -0.0000035163    0.0000025753    0.0000062729
  -0.0000022288    0.0000002220    0.0000084314
  -0.0000024544   -0.0000034549    0.0000223759
   0.0000022587   -0.0000003809    0.0000856142
  -0.0000072886   -0.0001081803   -0.0002316007
  -0.0000241610   -0.0001120020    0.0001120173
  -0.0000043485    0.0000579035    0.0000345351
  -0.0000021406   -0.0000259094   -0.0000021941
  -0.0000010813   -0.0000079479    0.0000006466
  -0.0000021662   -0.0000063551   -0.0000019698
  -0.0000006033   -0.0000032078    0.0000004485
  -0.0000005770   -0.0000004720    0.0000031295
  -0.0000021684    0.0000018832    0.0000063346
  -0.0000010667   -0.0000005966    0.0000079360
  -0.0000021301    0.0000021576    0.0000259031
  -0.0000043411   -0.0000345150   -0.0000578931
  -0.0000086334    0.0000003542    0.0000434776
  -0.0000086044   -0.0000434590   -0.0000003102
   0.0000012854    0.0000170649    0.0000126219
  -0.0000013304   -0.0000079461   -0.0000009040
  -0.0000011795   -0.0000054497   -0.0000007534
  -0.0000001856   -0.0000028632    0.0000007623
   0.0000006296   -0.0000016328    0.0000016335
  -0.0000001937   -0.0000008055    0.0000028312
  -0.0000011798    0.0000007017    0.0000054728
  -0.0000013083    0.0000009170    0.0000079478
   0.0000012542   -0.0000125936   -0.0000170636
  -0.0000038945    0.0000017517    0.0000131618
  -0.0000004115   -0.0000044766    0.0000044912
  -0.0000038625   -0.0000131460   -0.0000017023
   0.0000004917    0.0000041253    0.0000046446
  -0.0000020710   -0.0000043881   -0.0000003221
  -0.0000004662   -0.0000010874    0.0000007232
  -0.0000001643   -0.0000005200    0.0000008958
  -0.0000001894   -0.0000009025    0.0000005120
  -0.0000004985   -0.0000007738    0.0000010723
  -0.0000020830    0.0000002773    0.0000044132
   0.0000005029   -0.0000046490   -0.0000041224
  -0.0000018831    0.0000006229    0.0000044208
   0.0000002213   -0.0000019985    0.0000024206
   0.0000001878   -0.0000024157    0.0000020203
  -0.0000018814   -0.0000044174   -0.0000005699
   0.0000002195    0.0000000048   -0.0000000154
  -0.0000028105    0.0000014254    0.0000012783
  -0.0000012672    0.0000007806    0.0000010049
  -0.0000017783   -0.0000000066    0.0000000119
  -0.0000012952   -0.0000010399   -0.0000007788
  -0.0000027681   -0.0000013491   -0.0000014322
   0.0000001835   -0.0000000412   -0.0000000069
  -0.0000028137    0.0000013188    0.0000014331
  -0.0000012520    0.0000010353    0.0000007895
  -0.0000017277    0.0000000117   -0.0000000113
  -0.0000012470   -0.0000007785   -0.0000010061
  -0.0000027616   -0.0000014294   -0.0000013005
   0.0000009849   -0.0000039396    0.0000053324
  -0.0000022545    0.0000003455    0.0000025328
  -0.0000014163   -0.0000019364    0.0000030759
  -0.0000013947   -0.0000030974    0.0000019540
  -0.0000022169   -0.0000025733   -0.0000003508
   0.0000009917   -0.0000053663    0.0000039386
  -0.0000015753   -0.0000003163    0.0000050749
  -0.0000013221    0.0000008492    0.0000025296
  -0.0000028610   -0.0000003963    0.0000018647
  -0.0000028615   -0.0000018295    0.0000004028
  -0.0000012950   -0.0000025182   -0.0000007920
  -0.0000015092   -0.0000050437    0.0000002319
   0.0000021339   -0.0000164953    0.0000134614
  -0.0000034850   -0.0000020642    0.0000080870
  -0.0000003628   -0.0000092648    0.0000092546
  -0.0000034910   -0.0000081267    0.0000020607
   0.0000021027   -0.0000134954    0.0000164935
   0.0000002103   -0.0000025556    0.0000069857
  -0.0000006659   -0.0000006885    0.0000059648
  -0.0000025012   -0.0000005749    0.0000032391
  -0.0000035932   -0.0000016383    0.0000016675
  -0.0000025016   -0.0000032190    0.0000006241
  -0.0000007007   -0.0000059025    0.0000006202
   0.0000002067   -0.0000069854    0.0000025434
  -0.0000031909   -0.0000566592    0.0000354250
  -0.0000056168   -0.0000081750    0.0000252563
  -0.0000056042   -0.0000252574    0.0000081623
  -0.0000031816   -0.0000354525    0.0000566631
  -0.0000000564   -0.0000088140    0.0000189649
   0.0000004505   -0.0000041772    0.0000089304
  -0.0000021069   -0.0000019771    0.0000062680
  -0.0000029649   -0.0000022460    0.0000032861
  -0.0000029502   -0.0000032160    0.0000023007
  -0.0000021201   -0.0000062618    0.0000019621
   0.0000004327   -0.0000089059    0.0000041652
  -0.0000000250   -0.0000189553    0.0000088286
  -0.0000068627   -0.0002279662    0.0001086551
  -0.0000163013   -0.0000390306    0.0000390327
  -0.0000068699   -0.0001086761    0.0002279690
   0.0000040314   -0.0000258811    0.0000645106
  -0.0000011605   -0.0000097447    0.0000236990
  -0.0000014947   -0.0000041686    0.0000088114
  -0.0000039722   -0.0000026331    0.0000056572
  -0.0000039994   -0.0000029427    0.0000029774
  -0.0000039712   -0.0000057010    0.0000025563
  -0.0000014868   -0.0000087957    0.0000041718
  -0.0000011472   -0.0000237074    0.0000097065
   0.0000040300   -0.0000645064    0.0000258437
   0.0016728465   -0.0010612492    0.0015762612
   0.0016728425   -0.0015762659    0.0010612499
   0.0001532162   -0.0000418537    0.0002645938
   0.0000255010   -0.0000079486    0.0000862091
   0.0000031570   -0.0000022607    0.0000268467
  -0.0000007397   -0.0000021601    0.0000076815
  -0.0000029777   -0.0000008725    0.0000045942
  -0.0000029584   -0.0000045936    0.0000008962
  -0.0000007482   -0.0000076837    0.0000021300
   0.0000031366   -0.0000268045    0.0000022503
   0.0000254901   -0.0000861921    0.0000079348
   0.0001532329   -0.0002645977    0.0000418607
   0.0016918030    0.0015850889    0.0010644368
   0.0001488246    0.0001125733   -0.0002593461
   0.0000250124    0.0000460353   -0.0000615848
   0.0000029059    0.0000127195   -0.0000180157
  -0.0000008280    0.0000016585   -0.0000076634
  -0.0000024018   -0.0000009445   -0.0000052212
  -0.0000024017    0.0000052111    0.0000009136
  -0.0000008382    0.0000076842   -0.0000016565
   0.0000029010    0.0000180615   -0.0000127283
   0.0000249985    0.0000616167   -0.0000460591
   0.0001488238    0.0002593595   -0.0001125812
   0.0016918019   -0.0010644310   -0.0015850850
  -0.0000203432    0.0000385029    0.0000385137
   0.0000241705   -0.0000003420   -0.0000003381
   0.0000034214   -0.0000035085   -0.0000035030
  -0.0000009959   -0.0000022878   -0.0000022719
  -0.0000033311   -0.0000033823   -0.0000033644
  -0.0000034067   -0.0000000375    0.0000000172
  -0.0000033462    0.0000034215    0.0000033939
  -0.0000010114    0.0000022974    0.0000022982
   0.0000034339    0.0000035301    0.0000034818
   0.0000241429    0.0000003593    0.0000003393
  -0.0000203337   -0.0000385054   -0.0000385032
   0.0000237471    0.0000000007    0.0000000004
  -0.0000076564    0.0000077885    0.0000246052
   0.0000017971   -0.0000039637   -0.0000019877
  -0.0000001723   -0.0000021286   -0.0000007942
  -0.0000025636   -0.0000035166   -0.0000025483
  -0.0000017345   -0.0000016124   -0.0000008087
  -0.0000017482    0.0000007169    0.0000015723
  -0.0000025645    0.0000025409    0.0000035017
  -0.0000001806    0.0000008103    0.0000021058
   0.0000017860    0.0000020215    0.0000039721
  -0.0000076754   -0.0000245717   -0.0000077919
   0.0000025784    0.0000078883    0.0000172578
   0.0000025724   -0.0000172491   -0.0000078782
  -0.0000043228    0.0000021801    0.0000074576
   0.0000002366   -0.0000015618    0.0000002687
  -0.0000024333   -0.0000029134   -0.0000011040
  -0.0000014122   -0.0000021041    0.0000000098
  -0.0000009138   -0.0000010791    0.0000010258
  -0.0000014734   -0.0000000679    0.0000020600
  -0.0000024625    0.0000011279    0.0000028791
   0.0000001699   -0.0000002299    0.0000015698
  -0.0000042719   -0.0000074425   -0.0000021810
  -0.0000014000    0.0000009957    0.0000044246
  -0.0000002492   -0.0000017685    0.0000017664
  -0.0000014046   -0.0000044200   -0.0000009725
  -0.0000025680    0.0000003034    0.0000016214
  -0.0000015379   -0.0000016054   -0.0000000185
  -0.0000017290   -0.0000010750    0.0000009918
  -0.0000009253   -0.0000012510    0.0000011306
  -0.0000008923   -0.0000011855    0.0000011700
  -0.0000017092   -0.0000010773    0.0000010489
  -0.0000014779    0.0000000316    0.0000015873
  -0.0000026209   -0.0000016040   -0.0000003134
   0.0000000257   -0.0000007689    0.0000012214
  -0.0000004255   -0.0000014237    0.0000008871
  -0.0000003533   -0.0000008678    0.0000014466
   0.0000000357   -0.0000012275    0.0000007921
  -0.0000028627   -0.0000006508    0.0000004723
  -0.0000014040    0.0000005428    0.0000010114
  -0.0000019122    0.0000006416    0.0000014047
  -0.0000016290   -0.0000004702    0.0000004184
  -0.0000019442   -0.0000014596   -0.0000006618
  -0.0000013645   -0.0000010423   -0.0000005393
  -0.0000028127   -0.0000004668    0.0000006472
  -0.0000002807    0.0000005389    0.0000013606
  -0.0000008634   -0.0000003853    0.0000010604
  -0.0000008518   -0.0000010767    0.0000010911
  -0.0000008769   -0.0000010430    0.0000004037
  -0.0000002280   -0.0000013722   -0.0000005069
  -0.0000015392    0.0000050596   -0.0000002765
  -0.0000013483    0.0000025498    0.0000008045
  -0.0000028384    0.0000018495   -0.0000004043
  -0.0000028467    0.0000003869   -0.0000018612
  -0.0000013460   -0.0000008160   -0.0000025358
  -0.0000015492    0.0000002388   -0.0000050474
   0.0000009746    0.0000053811   -0.0000039325
  -0.0000023019    0.0000025692    0.0000003577
  -0.0000013630    0.0000031231   -0.0000019467
  -0.0000013780    0.0000019416   -0.0000030870
  -0.0000022540   -0.0000003495   -0.0000025402
   0.0000009938    0.0000039365   -0.0000053455
  -0.0000005101    0.0000083633   -0.0000001651
   0.0000003601    0.0000018833    0.0000009972
  -0.0000010153    0.0000008784   -0.0000008617
   0.0000003962   -0.0000010330   -0.0000019010
  -0.0000005018    0.0000001154   -0.0000083662
   0.0000031060   -0.0000000571   -0.0000000023
  -0.0000005108   -0.0000001797    0.0000083644
   0.0000003607    0.0000010116    0.0000018899
  -0.0000009518   -0.0000008803    0.0000008705
   0.0000003539   -0.0000018914   -0.0000009912
  -0.0000005466   -0.0000083611    0.0000001740
   0.0000031237    0.0000000077   -0.0000000009
  -0.0000012397    0.0000258231   -0.0000011764
   0.0000026936    0.0000034030   -0.0000011194
   0.0000026729    0.0000011130   -0.0000034424
  -0.0000012383    0.0000012082   -0.0000258216
   0.0000067266   -0.0000016900   -0.0000009897
   0.0000043404    0.0000000173    0.0000014155
  -0.0000005774    0.0000012409    0.0000078390
  -0.0000002070   -0.0000003231    0.0000018871
  -0.0000002339   -0.0000018421    0.0000003767
  -0.0000005868   -0.0000078499   -0.0000011912
   0.0000043553   -0.0000014183   -0.0000000613
   0.0000067112    0.0000009854    0.0000016807
   0.0000033239    0.0000850077    0.0000021905
   0.0000257321   -0.0000011932    0.0000011771
   0.0000033291   -0.0000022155   -0.0000850168
   0.0000146791    0.0000005229   -0.0000035388
   0.0000081041   -0.0000010159    0.0000012318
   0.0000045953   -0.0000008768    0.0000023506
  -0.0000022328    0.0000002170    0.0000077575
  -0.0000012094   -0.0000017282    0.0000017628
  -0.0000022093   -0.0000077491   -0.0000001826
   0.0000045952   -0.0000022971    0.0000008288
   0.0000081043   -0.0000012205    0.0000009714
   0.0000146510    0.0000035402   -0.0000005585
   0.0001493054    0.0002582164    0.0001155029
   0.0001493035   -0.0001154952   -0.0002582165
   0.0000604240    0.0000061937   -0.0000079633
   0.0000213560    0.0000020564    0.0000041778
   0.0000081031   -0.0000004744    0.0000027918
   0.0000035967   -0.0000018758    0.0000011171
  -0.0000010782    0.0000022040    0.0000067721
  -0.0000010816   -0.0000067268   -0.0000021714
   0.0000036022   -0.0000011191    0.0000018611
   0.0000081133   -0.0000027659    0.0000004547
   0.0000213586   -0.0000041734   -0.0000020810
   0.0000604101    0.0000079823   -0.0000061815
  -0.0042101599    0.0010013306   -0.0010013316
   0.0002040127   -0.0000008182   -0.0000032618
   0.0000604781    0.0000184191    0.0000087307
   0.0000165960    0.0000041360    0.0000047623
   0.0000045685   -0.0000000712    0.0000015160
  -0.0000006766   -0.0000015056   -0.0000005247
  -0.0000330396   -0.0000052526    0.0000053141
  -0.0000006685    0.0000005463    0.0000014485
   0.0000045586   -0.0000014873    0.0000000718
   0.0000165830   -0.0000047370   -0.0000041657
   0.0000604663   -0.0000087296   -0.0000184060
   0.0002040072    0.0000032632    0.0000008264
  -0.0000072806    0.0001082170    0.0002316083
   0.0000022659    0.0000003989   -0.0000856057
  -0.0000024705    0.0000034452   -0.0000223702
  -0.0000022612   -0.0000001836   -0.0000083996
  -0.0000034959   -0.0000027087   -0.0000063143
  -0.0000027087    0.0000011523   -0.0000010844
  -0.0000034977    0.0000062707    0.0000026689
  -0.0000022692    0.0000084380    0.0000001970
  -0.0000024568    0.0000224108   -0.0000034630
   0.0000022842    0.0000856147   -0.0000003727
  -0.0000072933   -0.0002315986   -0.0001081908
  -0.0000241676    0.0001120056   -0.0001120204
  -0.0000076579    0.0000245751    0.0000077951
   0.0000018038   -0.0000020092   -0.0000039515
  -0.0000001894   -0.0000008301   -0.0000021187
  -0.0000025606   -0.0000026061   -0.0000035123
  -0.0000017190   -0.0000008396   -0.0000015449
  -0.0000017198    0.0000015245    0.0000008449
  -0.0000025865    0.0000035011    0.0000025739
  -0.0000001910    0.0000021454    0.0000007812
   0.0000017794    0.0000039872    0.0000020020
  -0.0000076539   -0.0000077832   -0.0000245747
   0.0000025703    0.0000172703    0.0000078866
   0.0000025595   -0.0000078893   -0.0000172581
  -0.0000010199    0.0000089810    0.0000089856
  -0.0000007179   -0.0000010580   -0.0000010178
  -0.0000031964   -0.0000018879   -0.0000019123
  -0.0000022694   -0.0000009945   -0.0000010150
  -0.0000020853   -0.0000000579    0.0000000388
  -0.0000022932    0.0000010436    0.0000010072
  -0.0000031934    0.0000019551    0.0000019290
  -0.0000007119    0.0000010771    0.0000009953
  -0.0000010495   -0.0000089952   -0.0000089922
  -0.0000005731    0.0000022686    0.0000022539
   0.0000011878    0.0000000012    0.0000000017
  -0.0000005589   -0.0000022687   -0.0000022624
  -0.0000014311    0.0000023987    0.0000027822
  -0.0000026368   -0.0000014924   -0.0000010109
  -0.0000023111   -0.0000007564    0.0000004766
  -0.0000018988   -0.0000009719    0.0000005427
  -0.0000019374   -0.0000005702    0.0000009316
  -0.0000023488   -0.0000004457    0.0000007559
  -0.0000026802    0.0000010445    0.0000014914
  -0.0000014369   -0.0000027698   -0.0000024225
  -0.0000007582    0.0000004533    0.0000002871
  -0.0000014529    0.0000005496   -0.0000002968
  -0.0000014678    0.0000002960   -0.0000005407
  -0.0000007746   -0.0000002893   -0.0000004338
  -0.0000013814    0.0000001775    0.0000001356
  -0.0000019700    0.0000000582    0.0000006369
  -0.0000022436   -0.0000000359    0.0000013701
  -0.0000020979   -0.0000009175    0.0000008550
  -0.0000022303   -0.0000014110   -0.0000000223
  -0.0000019327   -0.0000006021   -0.0000000822
  -0.0000013915   -0.0000001192   -0.0000001750
  -0.0000009105    0.0000009952    0.0000005518
  -0.0000002660    0.0000001519   -0.0000002093
  -0.0000005560    0.0000000299   -0.0000000223
  -0.0000002956    0.0000002065   -0.0000001442
  -0.0000009858   -0.0000005461   -0.0000009700
  -0.0000002828    0.0000019949    0.0000000515
  -0.0000016523    0.0000017841    0.0000010170
  -0.0000024998    0.0000007113    0.0000008698
  -0.0000025192   -0.0000009260   -0.0000007477
  -0.0000016510   -0.0000010691   -0.0000018278
  -0.0000002889   -0.0000000369   -0.0000019925
  -0.0000016694    0.0000002997    0.0000038811
   0.0000004572    0.0000015447    0.0000013192
  -0.0000003206   -0.0000001412    0.0000004284
  -0.0000003102   -0.0000004217    0.0000001638
   0.0000004115   -0.0000013341   -0.0000015230
  -0.0000016459   -0.0000038878   -0.0000002934
  -0.0000007135    0.0000059622   -0.0000006334
  -0.0000025741    0.0000032274   -0.0000006012
  -0.0000035427    0.0000016298   -0.0000016979
  -0.0000025175    0.0000005534   -0.0000032331
  -0.0000007056    0.0000005527   -0.0000059362
   0.0000002388    0.0000025152   -0.0000069875
   0.0000021096    0.0000134430   -0.0000164901
  -0.0000034931    0.0000081188   -0.0000020691
  -0.0000003953    0.0000092905   -0.0000092617
  -0.0000034599    0.0000020633   -0.0000080718
   0.0000021275    0.0000164939   -0.0000134555
   0.0000002259    0.0000069849   -0.0000025557
  -0.0000005833    0.0000078503    0.0000011993
  -0.0000002365    0.0000018498   -0.0000003686
  -0.0000002272    0.0000003508   -0.0000018661
  -0.0000005752   -0.0000012186   -0.0000078539
   0.0000043412   -0.0000000993   -0.0000014138
   0.0000067273    0.0000017305    0.0000009971
  -0.0000012519   -0.0000011422    0.0000258366
   0.0000026677   -0.0000011015    0.0000034217
   0.0000026465   -0.0000034002    0.0000011141
  -0.0000012249   -0.0000258319    0.0000012118
   0.0000067448   -0.0000010033   -0.0000016687
   0.0000043470    0.0000014110    0.0000000041
  -0.0000020307    0.0000215852    0.0000044129
   0.0000039783    0.0000023519   -0.0000023638
  -0.0000020190   -0.0000044476   -0.0000215765
   0.0000080063   -0.0000019406   -0.0000016218
   0.0000071910   -0.0000000573    0.0000000029
   0.0000080013    0.0000019422    0.0000016207
  -0.0000020334    0.0000044524    0.0000216034
   0.0000039608   -0.0000023552    0.0000023637
  -0.0000020366   -0.0000215688   -0.0000044120
   0.0000080234   -0.0000016162   -0.0000019107
   0.0000072066    0.0000000112    0.0000000025
   0.0000079979    0.0000016163    0.0000018972
   0.0000253694    0.0000601963    0.0000479386
   0.0000253915   -0.0000479463   -0.0000602096
   0.0000214022   -0.0000024474   -0.0000021292
   0.0000117593   -0.0000003569   -0.0000002967
   0.0000090161   -0.0000004764    0.0000001200
   0.0000081360    0.0000005939   -0.0000003830
   0.0000031117    0.0000137291    0.0000168890
   0.0000031172   -0.0000168654   -0.0000136841
   0.0000081301    0.0000004024   -0.0000005442
   0.0000090291   -0.0000001006    0.0000004130
   0.0000117545    0.0000003033    0.0000003435
   0.0000214061    0.0000021238    0.0000024065
  -0.0010221112    0.0002360026   -0.0002360208
   0.0000602789   -0.0000206700    0.0000097240
   0.0000313891   -0.0000008816    0.0000004254
   0.0000132802   -0.0000005186    0.0000010611
   0.0000082265   -0.0000012709   -0.0000003466
   0.0000045637    0.0000005311   -0.0000026069
  -0.0000913248   -0.0000165627    0.0000165942
   0.0000045629    0.0000026382   -0.0000004670
   0.0000082377    0.0000003717    0.0000012542
   0.0000132699   -0.0000010563    0.0000005003
   0.0000313962   -0.0000004228    0.0000008773
   0.0000602696   -0.0000097325    0.0000206716
   0.0001509584    0.0000384826    0.0002639197
   0.0000593417   -0.0000082701   -0.0000078152
   0.0000207998    0.0000008456   -0.0000029239
   0.0000078804    0.0000000230   -0.0000003702
   0.0000035868   -0.0000018201   -0.0000021023
  -0.0000004808   -0.0000016853   -0.0000085716
  -0.0000004776    0.0000085779    0.0000017163
   0.0000035833    0.0000021093    0.0000018294
   0.0000078820    0.0000004038   -0.0000000428
   0.0000207960    0.0000029358   -0.0000008523
   0.0000593458    0.0000078335    0.0000082633
   0.0001509729   -0.0002639104   -0.0000384855
  -0.0000043267    0.0000345380    0.0000578967
  -0.0000021378   -0.0000022027   -0.0000259155
  -0.0000011033    0.0000005638   -0.0000079195
  -0.0000021778   -0.0000020094   -0.0000063770
  -0.0000005727    0.0000004519   -0.0000031500
  -0.0000005742    0.0000031624   -0.0000004413
  -0.0000021549    0.0000063570    0.0000019723
  -0.0000011120    0.0000079469   -0.0000006163
  -0.0000021205    0.0000259185    0.0000021729
  -0.0000043381   -0.0000578769   -0.0000345443
  -0.0000085996    0.0000434684    0.0000003403
  -0.0000085926   -0.0000003268   -0.0000434740
  -0.0000043473    0.0000074598    0.0000021854
   0.0000001944    0.0000002607   -0.0000015592
  -0.0000024576   -0.0000010957   -0.0000028798
  -0.0000014184    0.0000000271   -0.0000020949
  -0.0000008683    0.0000011069   -0.0000010500
  -0.0000014435    0.0000020984   -0.0000000410
  -0.0000024258    0.0000029303    0.0000011010
   0.0000001834    0.0000015818   -0.0000002737
  -0.0000043360   -0.0000021831   -0.0000074768
  -0.0000014285    0.0000044217    0.0000009763
  -0.0000002106    0.0000017681   -0.0000017704
  -0.0000013965   -0.0000009753   -0.0000044239
  -0.0000014204    0.0000027563    0.0000024261
  -0.0000025731   -0.0000010380   -0.0000014546
  -0.0000023564    0.0000004233   -0.0000007394
  -0.0000019159    0.0000004954   -0.0000008865
  -0.0000018937    0.0000008849   -0.0000004937
  -0.0000023896    0.0000007431   -0.0000004507
  -0.0000026153    0.0000015010    0.0000010223
  -0.0000014284   -0.0000024039   -0.0000027630
  -0.0000007808    0.0000002933    0.0000004531
  -0.0000014582   -0.0000002982    0.0000005449
  -0.0000014800   -0.0000005419    0.0000003023
  -0.0000007735   -0.0000004522   -0.0000002880
  -0.0000018057    0.0000001171    0.0000001605
  -0.0000015817    0.0000000546    0.0000000863
  -0.0000019759    0.0000004900    0.0000004892
  -0.0000019310   -0.0000000608    0.0000000099
  -0.0000019930   -0.0000004860   -0.0000004992
  -0.0000016378   -0.0000000734   -0.0000000772
  -0.0000017798   -0.0000001050   -0.0000001568
  -0.0000010529    0.0000009106    0.0000009073
  -0.0000006378   -0.0000000227   -0.0000000153
  -0.0000009387   -0.0000000020   -0.0000000011
  -0.0000006913    0.0000000225    0.0000000243
  -0.0000009894   -0.0000009145   -0.0000009054
  -0.0000004101    0.0000009324    0.0000003575
  -0.0000009227    0.0000011408    0.0000005499
  -0.0000018453    0.0000005791    0.0000003972
  -0.0000018193   -0.0000004879   -0.0000006064
  -0.0000009213   -0.0000005653   -0.0000011047
  -0.0000004185   -0.0000003337   -0.0000009742
   0.0000000017    0.0000022323    0.0000018540
  -0.0000001240    0.0000016710    0.0000008190
  -0.0000008491   -0.0000003881   -0.0000002064
  -0.0000008363    0.0000002101    0.0000003863
  -0.0000000931   -0.0000008219   -0.0000016568
   0.0000000095   -0.0000018709   -0.0000021952
  -0.0000002537    0.0000031945    0.0000002957
  -0.0000016569    0.0000020506   -0.0000000993
  -0.0000025525    0.0000008746   -0.0000009245
  -0.0000017042    0.0000000002   -0.0000021324
  -0.0000002778   -0.0000002896   -0.0000032099
   0.0000021942    0.0000012586   -0.0000019532
  -0.0000030788   -0.0000009554    0.0000132335
  -0.0000000649   -0.0000002953    0.0000045707
   0.0000008652   -0.0000019632    0.0000019608
  -0.0000000778   -0.0000045650    0.0000003272
  -0.0000030754   -0.0000132371    0.0000009647
   0.0000022105    0.0000019309   -0.0000012598
  -0.0000020856    0.0000062642   -0.0000019921
  -0.0000029837    0.0000032446   -0.0000022907
  -0.0000029704    0.0000022617   -0.0000032729
  -0.0000020946    0.0000019385   -0.0000063070
   0.0000004819    0.0000042218   -0.0000089212
  -0.0000000449    0.0000088570   -0.0000189502
  -0.0000031834    0.0000354491   -0.0000566589
  -0.0000056409    0.0000252579   -0.0000081685
  -0.0000056355    0.0000081690   -0.0000252554
  -0.0000031826    0.0000566422   -0.0000353988
  -0.0000000475    0.0000189463   -0.0000087879
   0.0000004889    0.0000089154   -0.0000041804
  -0.0000022379    0.0000077474    0.0000001931
  -0.0000012310    0.0000017130   -0.0000017766
  -0.0000022230   -0.0000002431   -0.0000077793
   0.0000046142    0.0000007507   -0.0000023059
   0.0000081078    0.0000009970   -0.0000012300
   0.0000146731   -0.0000005659    0.0000035427
   0.0000033343    0.0000022289    0.0000850049
   0.0000257148    0.0000011807   -0.0000011588
   0.0000033026   -0.0000850080   -0.0000022117
   0.0000146597   -0.0000035455    0.0000005719
   0.0000081201    0.0000012269   -0.0000010038
   0.0000046141    0.0000023239   -0.0000008340
   0.0000031153    0.0000169086    0.0000136846
   0.0000031163   -0.0000137193   -0.0000168980
   0.0000081417   -0.0000005811    0.0000003898
   0.0000090189    0.0000003821   -0.0000001099
   0.0000117598    0.0000003675    0.0000003063
   0.0000213906    0.0000024129    0.0000021286
   0.0000253764    0.0000479726    0.0000602195
   0.0000253859   -0.0000601903   -0.0000479174
   0.0000214020   -0.0000021293   -0.0000024054
   0.0000117637   -0.0000002933   -0.0000003203
   0.0000090227    0.0000001212   -0.0000004402
   0.0000081284   -0.0000003795    0.0000005710
  -0.0003018703    0.0000564911   -0.0000564961
   0.0000166949   -0.0000054986    0.0000058037
   0.0000132986   -0.0000002764    0.0000014936
   0.0000112756   -0.0000000528    0.0000000016
   0.0000132955    0.0000003045   -0.0000015004
   0.0000166928    0.0000055003   -0.0000057896
  -0.0003019049   -0.0000564845    0.0000565063
   0.0000166898    0.0000058164   -0.0000055092
   0.0000133007    0.0000014953   -0.0000002657
   0.0000112843   -0.0000000027   -0.0000000010
   0.0000132870   -0.0000014896    0.0000002577
   0.0000166866   -0.0000057957    0.0000054963
   0.0000249059    0.0000061253    0.0000875074
   0.0000207728   -0.0000035780    0.0000047858
   0.0000113798   -0.0000005074   -0.0000003597
   0.0000087492   -0.0000004361   -0.0000003803
   0.0000078891    0.0000001285   -0.0000034551
   0.0000030329   -0.0000012751   -0.0000279899
   0.0000030272    0.0000280120    0.0000012961
   0.0000078889    0.0000034815   -0.0000001049
   0.0000087493    0.0000004026    0.0000004378
   0.0000113819    0.0000003642    0.0000004588
   0.0000207781   -0.0000047870    0.0000035477
   0.0000248901   -0.0000875114   -0.0000061689
   0.0000020482    0.0000242623    0.0000646197
   0.0000135183   -0.0000018058   -0.0000035796
   0.0000073308    0.0000012369   -0.0000019673
   0.0000041136   -0.0000008181   -0.0000027590
  -0.0000015000   -0.0000037642   -0.0000094494
   0.0000001063    0.0000021121   -0.0000020765
  -0.0000014858    0.0000094780    0.0000038041
   0.0000041233    0.0000028171    0.0000007853
   0.0000073320    0.0000019842   -0.0000012651
   0.0000135096    0.0000035770    0.0000017959
   0.0000020650   -0.0000646168   -0.0000242568
   0.0000213308   -0.0000029179    0.0000029058
   0.0000012697    0.0000126197    0.0000170618
  -0.0000013206   -0.0000008942   -0.0000079504
  -0.0000011441   -0.0000007493   -0.0000054180
  -0.0000001484    0.0000008291   -0.0000028442
   0.0000005784    0.0000017024   -0.0000016120
  -0.0000001756    0.0000028893   -0.0000007756
  -0.0000012052    0.0000054710    0.0000007739
  -0.0000013093    0.0000079544    0.0000009249
   0.0000013132   -0.0000170588   -0.0000126276
  -0.0000038816    0.0000131532    0.0000016919
  -0.0000004277    0.0000044640   -0.0000044929
  -0.0000038783   -0.0000017339   -0.0000131499
  -0.0000025741    0.0000016050    0.0000003069
  -0.0000015267   -0.0000000489   -0.0000015907
  -0.0000017013    0.0000009942   -0.0000010942
  -0.0000009250    0.0000011656   -0.0000011569
  -0.0000009230    0.0000012375   -0.0000011016
  -0.0000016553    0.0000010937   -0.0000009995
  -0.0000015186    0.0000016002    0.0000000153
  -0.0000025847   -0.0000003032   -0.0000015941
  -0.0000000021    0.0000012291   -0.0000007719
  -0.0000003967    0.0000008755   -0.0000014293
  -0.0000003840    0.0000014231   -0.0000008829
  -0.0000000094    0.0000007831   -0.0000012107
  -0.0000013495    0.0000000876    0.0000001859
  -0.0000019292    0.0000006095    0.0000000819
  -0.0000022963    0.0000012980    0.0000000077
  -0.0000020421    0.0000009078   -0.0000008535
  -0.0000022445   -0.0000000427   -0.0000013426
  -0.0000018719   -0.0000000436   -0.0000006196
  -0.0000013686   -0.0000001752   -0.0000001266
  -0.0000010120    0.0000005432    0.0000009613
  -0.0000003321   -0.0000002094    0.0000001515
  -0.0000004884   -0.0000000395    0.0000000301
  -0.0000002491   -0.0000001524    0.0000002067
  -0.0000009845   -0.0000009874   -0.0000005510
  -0.0000003553    0.0000003456    0.0000009807
  -0.0000009395    0.0000005482    0.0000011002
  -0.0000018277    0.0000004279    0.0000006215
  -0.0000017888   -0.0000006258   -0.0000004012
  -0.0000009627   -0.0000010991   -0.0000005624
  -0.0000003923   -0.0000009351   -0.0000003618
  -0.0000000258    0.0000018712    0.0000021999
  -0.0000001029    0.0000008269    0.0000016377
  -0.0000008133   -0.0000002073   -0.0000003962
  -0.0000008327    0.0000003832    0.0000002134
  -0.0000001371   -0.0000016432   -0.0000008280
  -0.0000000216   -0.0000021964   -0.0000018304
   0.0000001610    0.0000013924    0.0000014522
  -0.0000012099    0.0000006997    0.0000007150
  -0.0000021969   -0.0000000885    0.0000000291
  -0.0000012161   -0.0000007287   -0.0000007141
   0.0000000961   -0.0000014345   -0.0000014432
   0.0000017290   -0.0000005259   -0.0000005679
   0.0000001375    0.0000047089    0.0000047041
   0.0000011067    0.0000021019    0.0000020953
   0.0000030122    0.0000000007    0.0000000030
   0.0000011263   -0.0000021002   -0.0000020916
   0.0000001654   -0.0000046869   -0.0000046825
   0.0000017051    0.0000005185    0.0000005687
  -0.0000010299    0.0000029211    0.0000000935
  -0.0000024594    0.0000013452   -0.0000008264
  -0.0000024763    0.0000007599   -0.0000013937
  -0.0000010417   -0.0000000782   -0.0000028825
   0.0000019607   -0.0000005343   -0.0000031212
   0.0000044564   -0.0000008545   -0.0000031186
  -0.0000067021    0.0000007555    0.0000442997
   0.0000052611   -0.0000068125    0.0000172063
   0.0000052705   -0.0000172122    0.0000068116
  -0.0000067308   -0.0000442994   -0.0000007690
   0.0000044564    0.0000031140    0.0000008680
   0.0000019838    0.0000030825    0.0000005602
  -0.0000039573    0.0000056125   -0.0000025939
  -0.0000040410    0.0000029281   -0.0000029856
  -0.0000039791    0.0000025294   -0.0000057389
  -0.0000014660    0.0000041587   -0.0000088274
  -0.0000011428    0.0000097234   -0.0000236857
   0.0000040085    0.0000258745   -0.0000645152
  -0.0000068921    0.0001086706   -0.0002279698
  -0.0000162986    0.0000390306   -0.0000390283
  -0.0000068739    0.0002279735   -0.0001086511
   0.0000040000    0.0000645147   -0.0000258587
  -0.0000011333    0.0000236777   -0.0000097198
  -0.0000014506    0.0000087959   -0.0000041227
  -0.0000010852    0.0000067172    0.0000021764
  -0.0000010772   -0.0000022305   -0.0000067548
   0.0000035780    0.0000017665   -0.0000011435
   0.0000081066    0.0000004448   -0.0000028032
   0.0000213672   -0.0000021057   -0.0000041735
   0.0000604133   -0.0000061759    0.0000079677
   0.0001492924    0.0001155202    0.0002582133
   0.0001492953   -0.0002582231   -0.0001154877
   0.0000604147   -0.0000079782    0.0000061893
   0.0000213738    0.0000041712    0.0000020894
   0.0000081063    0.0000027760   -0.0000004426
   0.0000035965    0.0000011282   -0.0000018958
  -0.0000913258    0.0000165855   -0.0000166026
   0.0000045745   -0.0000005399    0.0000026185
   0.0000082385    0.0000012454    0.0000003703
   0.0000132756    0.0000005011   -0.0000010631
   0.0000313839    0.0000008898   -0.0000004268
   0.0000602540    0.0000206853   -0.0000097214
  -0.0010221056   -0.0002360033    0.0002360378
   0.0000602844    0.0000097342   -0.0000206421
   0.0000313956    0.0000004274   -0.0000008477
   0.0000132845    0.0000010557   -0.0000004913
   0.0000082340   -0.0000003505   -0.0000012477
   0.0000045801   -0.0000026151    0.0000004607
   0.0000030307    0.0000012837    0.0000279897
   0.0000078919   -0.0000001648    0.0000034652
   0.0000087526    0.0000003751    0.0000003951
   0.0000113796    0.0000004985    0.0000003579
   0.0000207706    0.0000035886   -0.0000047847
   0.0000248934   -0.0000061302   -0.0000874948
   0.0000248995    0.0000875176    0.0000061685
   0.0000207684    0.0000048014   -0.0000035481
   0.0000113822   -0.0000003558   -0.0000004750
   0.0000087616   -0.0000003738   -0.0000004278
   0.0000078901   -0.0000034528    0.0000001173
   0.0000030251   -0.0000279896   -0.0000013047
  -0.0000017984    0.0000088931    0.0000241502
   0.0000074004    0.0000003717    0.0000014352
   0.0000064447   -0.0000000406   -0.0000000010
   0.0000074228   -0.0000003725   -0.0000014409
  -0.0000018139   -0.0000089012   -0.0000241589
   0.0000039984    0.0000053927   -0.0000053855
  -0.0000018280    0.0000241894    0.0000089265
   0.0000074378    0.0000014409    0.0000004199
   0.0000064452    0.0000000142   -0.0000000273
   0.0000074069   -0.0000014396   -0.0000004013
  -0.0000017913   -0.0000241504   -0.0000089143
   0.0000040263   -0.0000053683    0.0000053894
  -0.0000013282    0.0000079838    0.0000189102
   0.0000055272    0.0000009623   -0.0000009244
   0.0000033842   -0.0000000741   -0.0000013686
  -0.0000001406   -0.0000037787   -0.0000089376
   0.0000018900    0.0000009964   -0.0000032998
   0.0000019052    0.0000033427   -0.0000009929
  -0.0000001369    0.0000089667    0.0000037937
   0.0000034003    0.0000013882    0.0000000057
   0.0000055212    0.0000009401   -0.0000010208
  -0.0000013184   -0.0000189128   -0.0000080588
   0.0000035345   -0.0000033864    0.0000013936
   0.0000035262   -0.0000014144    0.0000033754
   0.0000004447    0.0000046243    0.0000041250
  -0.0000021069   -0.0000003734   -0.0000043868
  -0.0000004754    0.0000007577   -0.0000010775
  -0.0000001375    0.0000009175   -0.0000005085
  -0.0000001296    0.0000005447   -0.0000008844
  -0.0000004724    0.0000010905   -0.0000007232
  -0.0000021127    0.0000043990    0.0000003128
   0.0000004566   -0.0000041234   -0.0000046398
  -0.0000018363    0.0000044282    0.0000005842
   0.0000001909    0.0000024310   -0.0000020156
   0.0000001849    0.0000019939   -0.0000024154
  -0.0000018521   -0.0000006113   -0.0000044183
  -0.0000028680    0.0000004403   -0.0000006425
  -0.0000013965    0.0000009555    0.0000005767
  -0.0000018979    0.0000014148    0.0000006627
  -0.0000016363    0.0000004509   -0.0000004112
  -0.0000019077   -0.0000006278   -0.0000013919
  -0.0000013635   -0.0000005437   -0.0000009778
  -0.0000028500    0.0000006485   -0.0000004672
  -0.0000002485    0.0000013650    0.0000005085
  -0.0000009341    0.0000010398   -0.0000004148
  -0.0000008838    0.0000010543   -0.0000010951
  -0.0000009140    0.0000003935   -0.0000010548
  -0.0000002484   -0.0000005144   -0.0000013698
  -0.0000003069    0.0000000336    0.0000019995
  -0.0000016569    0.0000009945    0.0000017724
  -0.0000024608    0.0000009153    0.0000007644
  -0.0000024936   -0.0000006710   -0.0000008443
  -0.0000016610   -0.0000017458   -0.0000009827
  -0.0000003522   -0.0000019586   -0.0000000474
  -0.0000016141    0.0000038926    0.0000002897
   0.0000004277    0.0000013382    0.0000014982
  -0.0000002925    0.0000004185   -0.0000001528
  -0.0000002893    0.0000001593   -0.0000004389
   0.0000004051   -0.0000015435   -0.0000013232
  -0.0000015981   -0.0000003329   -0.0000038796
  -0.0000002401    0.0000002659    0.0000032131
  -0.0000016624   -0.0000001460    0.0000020833
  -0.0000025581   -0.0000008978    0.0000009404
  -0.0000017221   -0.0000021057    0.0000000604
  -0.0000002607   -0.0000031830   -0.0000003041
   0.0000022471   -0.0000019121    0.0000012776
  -0.0000031073    0.0000132429   -0.0000009619
  -0.0000001110    0.0000045643   -0.0000003187
   0.0000008717    0.0000019605   -0.0000019543
  -0.0000000544    0.0000003115   -0.0000045589
  -0.0000030960    0.0000009638   -0.0000132458
   0.0000022550   -0.0000013147    0.0000019443
  -0.0000010597    0.0000001433    0.0000029054
  -0.0000024462   -0.0000008349    0.0000014048
  -0.0000024418   -0.0000013567    0.0000008242
  -0.0000010741   -0.0000028776   -0.0000001271
   0.0000019367   -0.0000030905   -0.0000005537
   0.0000044587   -0.0000031040   -0.0000008885
  -0.0000067003    0.0000442962    0.0000007515
   0.0000052742    0.0000171984   -0.0000068251
   0.0000052668    0.0000068169   -0.0000172008
  -0.0000067240   -0.0000007749   -0.0000442967
   0.0000044519    0.0000008534    0.0000031124
   0.0000019601    0.0000005657    0.0000031073
  -0.0000034711    0.0000007306    0.0000007065
  -0.0000043394   -0.0000000888   -0.0000000130
  -0.0000034955   -0.0000007229   -0.0000006927
  -0.0000001697   -0.0000015158   -0.0000015272
   0.0000045745   -0.0000045130   -0.0000045635
   0.0000231469   -0.0000017769   -0.0000017794
  -0.0000215819    0.0001139774    0.0001139808
   0.0000263831   -0.0000000039   -0.0000000006
  -0.0000215728   -0.0001139743   -0.0001139706
   0.0000231299    0.0000017814    0.0000017870
   0.0000045549    0.0000045260    0.0000045294
  -0.0000001700    0.0000015202    0.0000015137
  -0.0000029770    0.0000045412   -0.0000008769
  -0.0000029727    0.0000008045   -0.0000045628
  -0.0000007538    0.0000021349   -0.0000076793
   0.0000031547    0.0000022724   -0.0000268254
   0.0000254846    0.0000079491   -0.0000862227
   0.0001532231    0.0000418500   -0.0002645916
   0.0016728384    0.0015762629   -0.0010612487
   0.0016728401    0.0010612488   -0.0015762629
   0.0001532346    0.0002645883   -0.0000418357
   0.0000254995    0.0000862022   -0.0000079217
   0.0000031625    0.0000268138   -0.0000022281
  -0.0000007343    0.0000076837   -0.0000021268
  -0.0000330460    0.0000052305   -0.0000052858
  -0.0000006696    0.0000013950    0.0000005084
   0.0000045844    0.0000000932   -0.0000015263
   0.0000165969   -0.0000041105   -0.0000047593
   0.0000604610   -0.0000184222   -0.0000087269
   0.0002040117    0.0000008428    0.0000032669
  -0.0042101547   -0.0010013312    0.0010013405
   0.0002040143   -0.0000032572   -0.0000008205
   0.0000604695    0.0000087309    0.0000184386
   0.0000165909    0.0000047395    0.0000041770
   0.0000045890    0.0000014908   -0.0000000487
  -0.0000006729   -0.0000005736   -0.0000014162
  -0.0000004881    0.0000016949    0.0000085595
   0.0000035811    0.0000017692    0.0000020377
   0.0000078863   -0.0000000166    0.0000003829
   0.0000208146   -0.0000008110    0.0000029217
   0.0000593403    0.0000082864    0.0000078154
   0.0001509469   -0.0000384825   -0.0002639132
   0.0001509486    0.0002639197    0.0000384944
   0.0000593569   -0.0000078305   -0.0000082564
   0.0000208253   -0.0000029181    0.0000008558
   0.0000078897   -0.0000004018    0.0000000480
   0.0000036017   -0.0000020986   -0.0000018486
  -0.0000004927   -0.0000086067   -0.0000017219
  -0.0000014875    0.0000037648    0.0000094396
   0.0000041326    0.0000007416    0.0000028109
   0.0000073319   -0.0000012335    0.0000019699
   0.0000135200    0.0000018452    0.0000035811
   0.0000020521   -0.0000242404   -0.0000646149
   0.0000213052    0.0000029259   -0.0000029040
   0.0000020376    0.0000646208    0.0000242692
   0.0000135140   -0.0000035768   -0.0000017864
   0.0000073481   -0.0000019720    0.0000012642
   0.0000041322   -0.0000027676   -0.0000007795
  -0.0000015084   -0.0000094491   -0.0000038137
   0.0000001035   -0.0000021098    0.0000020795
  -0.0000001295    0.0000037582    0.0000089526
   0.0000033893   -0.0000000373    0.0000013989
   0.0000055435   -0.0000009982    0.0000009243
  -0.0000013275   -0.0000080423   -0.0000189099
   0.0000035112    0.0000014212   -0.0000033609
   0.0000034960    0.0000033838   -0.0000014091
  -0.0000013176    0.0000189242    0.0000080274
   0.0000055589   -0.0000009154    0.0000010102
   0.0000033805   -0.0000013843   -0.0000000186
  -0.0000001518   -0.0000089459   -0.0000037729
   0.0000019438   -0.0000033131    0.0000009686
   0.0000019347   -0.0000010189    0.0000033135
  -0.0000006206    0.0000020758    0.0000066394
   0.0000021054   -0.0000000280    0.0000000010
  -0.0000006379   -0.0000019988   -0.0000066283
   0.0000019799   -0.0000007480   -0.0000014695
   0.0000018283    0.0000004716   -0.0000004566
   0.0000019731    0.0000014977    0.0000007758
  -0.0000006180    0.0000066411    0.0000020778
   0.0000021211    0.0000000080   -0.0000000096
  -0.0000006508   -0.0000066369   -0.0000020749
   0.0000019933   -0.0000014784   -0.0000007903
   0.0000018219   -0.0000004400    0.0000004373
   0.0000020090    0.0000007730    0.0000014903
   0.0330366663    0.0233409857    0.0233409875
   0.0017933405   -0.0005420707   -0.0005420518
   0.0005524573   -0.0001092466   -0.0001092373
   0.0001653911   -0.0000300024   -0.0000300330
   0.0000552822   -0.0000103883   -0.0000103979
   0.0000262918   -0.0000012891   -0.0000012469
   0.0000263113    0.0000013243    0.0000012689
   0.0000552743    0.0000104105    0.0000103913
   0.0001653929    0.0000300587    0.0000300095
   0.0005524487    0.0001092503    0.0001092374
   0.0017933404    0.0005420670    0.0005420578
   0.0330366654   -0.0233409748   -0.0233409883
   0.0001633976   -0.0005352476    0.0002256854
  -0.0000266165    0.0001776250   -0.0000331259
   0.0000006324    0.0000453033   -0.0000001883
   0.0000046037    0.0000152040   -0.0000007717
   0.0000075966    0.0000057601   -0.0000013634
   0.0000067430    0.0000021364   -0.0000021227
   0.0000076221    0.0000013476   -0.0000058237
   0.0000046068    0.0000008184   -0.0000152016
   0.0000006349    0.0000002066   -0.0000453143
  -0.0000266087    0.0000331604   -0.0001776298
   0.0001634082   -0.0002256906    0.0005352427
   0.0000108511    0.0002501801   -0.0002501692
   0.0000366652   -0.0001078256   -0.0000096124
  -0.0000180409    0.0000457953   -0.0000191614
  -0.0000008675    0.0000162281   -0.0000034251
   0.0000030794    0.0000075290   -0.0000027286
   0.0000035846    0.0000029747   -0.0000027007
   0.0000035752    0.0000026628   -0.0000029723
   0.0000030967    0.0000027121   -0.0000075751
  -0.0000008496    0.0000034609   -0.0000162344
  -0.0000180447    0.0000191546   -0.0000457993
   0.0000366690    0.0000096173    0.0001078240
  -0.0000282958    0.0000215657   -0.0000974543
  -0.0000283181    0.0000974652   -0.0000215662
   0.0000087019   -0.0000291547   -0.0000033347
  -0.0000061104    0.0000157630   -0.0000057823
  -0.0000003892    0.0000081927   -0.0000015547
   0.0000008078    0.0000035393   -0.0000016051
   0.0000021052    0.0000020811   -0.0000021187
   0.0000008421    0.0000015754   -0.0000035219
  -0.0000004308    0.0000015869   -0.0000082164
  -0.0000061384    0.0000058257   -0.0000157763
   0.0000087258    0.0000033135    0.0000291477
  -0.0000109838    0.0000075163   -0.0000275445
   0.0000029830    0.0000074614   -0.0000074709
  -0.0000110126    0.0000275498   -0.0000074912
   0.0000006470   -0.0000086966   -0.0000016887
  -0.0000031848    0.0000072743   -0.0000017914
  -0.0000012070    0.0000036774   -0.0000002061
   0.0000001890    0.0000021624   -0.0000009050
   0.0000001736    0.0000008735   -0.0000021762
  -0.0000012002    0.0000001760   -0.0000037029
  -0.0000031892    0.0000018329   -0.0000072771
   0.0000006252    0.0000017240    0.0000086887
  -0.0000036114    0.0000022258   -0.0000077424
  -0.0000000944    0.0000017850   -0.0000020860
  -0.0000000635    0.0000020998   -0.0000017771
  -0.0000035881    0.0000077447   -0.0000022039
  -0.0000005539   -0.0000001756    0.0000001223
  -0.0000027930    0.0000025046   -0.0000012479
  -0.0000009335    0.0000026564   -0.0000000016
  -0.0000007382    0.0000013499   -0.0000013856
  -0.0000009485    0.0000000076   -0.0000026748
  -0.0000027809    0.0000012091   -0.0000025197
  -0.0000005468   -0.0000000805    0.0000001776
  -0.0000024165    0.0000010722   -0.0000019630
  -0.0000006535    0.0000005492    0.0000002788
  -0.0000004366   -0.0000004932    0.0000005205
  -0.0000006789   -0.0000002670   -0.0000005173
  -0.0000024584    0.0000019676   -0.0000010285
  -0.0000002308    0.0000004244    0.0000004653
  -0.0000013920    0.0000002819   -0.0000013230
  -0.0000009926    0.0000019688   -0.0000010331
  -0.0000010062    0.0000010013   -0.0000019724
  -0.0000014182    0.0000012753   -0.0000002950
  -0.0000002382   -0.0000005329   -0.0000004290
  -0.0000002863    0.0000005401    0.0000004319
  -0.0000014119   -0.0000012583    0.0000002864
  -0.0000009432   -0.0000010169    0.0000019831
  -0.0000009585   -0.0000019559    0.0000010536
  -0.0000014328   -0.0000002701    0.0000013042
  -0.0000003012   -0.0000004161   -0.0000005035
   0.0000013144    0.0000086534   -0.0000009131
  -0.0000006561   -0.0000000865   -0.0000053083
   0.0000019386    0.0000032243   -0.0000032480
  -0.0000006371    0.0000052838    0.0000000803
   0.0000013237    0.0000009000   -0.0000086609
  -0.0000005494    0.0000003842   -0.0000034517
  -0.0000026103   -0.0000015383   -0.0000066570
  -0.0000019858    0.0000014847   -0.0000019046
  -0.0000043281    0.0000011541   -0.0000011260
  -0.0000019811    0.0000019286   -0.0000014585
  -0.0000026167    0.0000066765    0.0000015742
  -0.0000005489    0.0000034544   -0.0000004039
   0.0000096160    0.0000284289   -0.0000026690
   0.0000036005   -0.0000010718   -0.0000178203
   0.0000035813    0.0000178155    0.0000010676
   0.0000095877    0.0000026194   -0.0000284277
   0.0000035289    0.0000010729   -0.0000103810
   0.0000003768    0.0000001564   -0.0000058123
  -0.0000001831   -0.0000014484   -0.0000079310
  -0.0000019479    0.0000008865   -0.0000041791
  -0.0000019428    0.0000041936   -0.0000008082
  -0.0000001957    0.0000079585    0.0000014797
   0.0000003488    0.0000058200   -0.0000001731
   0.0000034929    0.0000103764   -0.0000010737
   0.0000376663    0.0001054121   -0.0000091101
  -0.0000057983    0.0000315016   -0.0000314866
   0.0000376452    0.0000090834   -0.0001054128
   0.0000124740    0.0000061535   -0.0000321764
   0.0000051576    0.0000007915   -0.0000140888
   0.0000022334   -0.0000009927   -0.0000068837
   0.0000028034   -0.0000027055   -0.0000078788
   0.0000033776    0.0000014597   -0.0000013890
   0.0000028082    0.0000078593    0.0000027676
   0.0000022450    0.0000068887    0.0000009792
   0.0000051546    0.0000140942   -0.0000007826
   0.0000124722    0.0000321861   -0.0000061745
   0.0001596335    0.0005308884    0.0002227649
   0.0001596424   -0.0002227803   -0.0005308855
   0.0000411278    0.0000191384   -0.0001042750
   0.0000162798    0.0000061192   -0.0000390006
   0.0000077127    0.0000010282   -0.0000137971
   0.0000051793   -0.0000015114   -0.0000060855
   0.0000071002   -0.0000011862   -0.0000064367
   0.0000070761    0.0000064673    0.0000012582
   0.0000052007    0.0000061171    0.0000014838
   0.0000077083    0.0000138250   -0.0000010551
   0.0000162808    0.0000390141   -0.0000061139
   0.0000411148    0.0001042776   -0.0000191324
   0.0327399846   -0.0227465975    0.0227466078
  -0.0002994058    0.0002396022   -0.0003761726
  -0.0000867816    0.0000992078   -0.0001009920
  -0.0000144394    0.0000266214   -0.0000314194
   0.0000017481    0.0000066045   -0.0000104770
   0.0000057750    0.0000004354   -0.0000042609
   0.0000260133   -0.0000008435    0.0000008620
   0.0000057793    0.0000042875   -0.0000004793
   0.0000017542    0.0000104748   -0.0000066117
  -0.0000144433    0.0000314388   -0.0000266448
  -0.0000867798    0.0001010118   -0.0000992106
  -0.0002994070    0.0003761756   -0.0002396017
   0.0001634074    0.0002256900   -0.0005352466
  -0.0000266141   -0.0000331688    0.0001776144
   0.0000006377   -0.0000002489    0.0000453145
   0.0000045833   -0.0000008026    0.0000151872
   0.0000076335   -0.0000013619    0.0000058167
   0.0000067266   -0.0000021342    0.0000021306
   0.0000076241   -0.0000057977    0.0000013496
   0.0000045891   -0.0000152149    0.0000007778
   0.0000006494   -0.0000453046    0.0000002080
  -0.0000265996   -0.0001776199    0.0000331309
   0.0001633995    0.0005352553   -0.0002256940
   0.0000108408   -0.0002501754    0.0002501741
  -0.0000080634   -0.0000331589   -0.0000331322
   0.0000081549    0.0000036567    0.0000036660
   0.0000012658    0.0000035372    0.0000035554
   0.0000038916    0.0000011143    0.0000011145
   0.0000040937   -0.0000001774   -0.0000001153
   0.0000041116    0.0000001727    0.0000001204
   0.0000038900   -0.0000011426   -0.0000011276
   0.0000012740   -0.0000035676   -0.0000035533
   0.0000081715   -0.0000036531   -0.0000036506
  -0.0000080632    0.0000331540    0.0000331384
   0.0000020938   -0.0000102150   -0.0000102154
   0.0000020845    0.0000102156    0.0000102159
   0.0000026827    0.0000003625   -0.0000186239
  -0.0000008783    0.0000036655    0.0000037316
  -0.0000015944    0.0000041517    0.0000005844
   0.0000004436    0.0000018250   -0.0000002119
   0.0000015091    0.0000008658   -0.0000008857
   0.0000004999    0.0000002408   -0.0000018586
  -0.0000015777   -0.0000006002   -0.0000041640
  -0.0000008830   -0.0000036880   -0.0000036832
   0.0000026517    0.0000186508   -0.0000003632
  -0.0000023965   -0.0000005946   -0.0000100065
   0.0000052018    0.0000058172   -0.0000058090
  -0.0000023278    0.0000100059    0.0000006111
  -0.0000008487    0.0000004253   -0.0000059856
  -0.0000019669    0.0000024416    0.0000008670
  -0.0000020912    0.0000022268    0.0000004137
  -0.0000004490    0.0000009239   -0.0000000937
  -0.0000004662    0.0000000339   -0.0000009602
  -0.0000021218   -0.0000003989   -0.0000022553
  -0.0000019465   -0.0000008199   -0.0000024608
  -0.0000009006    0.0000060137   -0.0000004326
  -0.0000008031    0.0000013286   -0.0000040638
  -0.0000005107    0.0000023584   -0.0000024023
  -0.0000005368    0.0000024130   -0.0000023748
  -0.0000007923    0.0000040512   -0.0000013127
  -0.0000014474    0.0000006071   -0.0000022173
  -0.0000016837    0.0000008938    0.0000011622
  -0.0000018609    0.0000008862    0.0000008937
  -0.0000010733   -0.0000003686    0.0000003048
  -0.0000018804   -0.0000009538   -0.0000008623
  -0.0000016485   -0.0000011322   -0.0000008905
  -0.0000014399    0.0000022445   -0.0000006091
  -0.0000015684    0.0000011486   -0.0000010752
  -0.0000004544    0.0000005321   -0.0000009509
  -0.0000003494    0.0000006890   -0.0000006790
  -0.0000004135    0.0000009569   -0.0000004934
  -0.0000015267    0.0000010730   -0.0000011318
  -0.0000025572   -0.0000015332   -0.0000017582
  -0.0000016902    0.0000000270    0.0000015101
  -0.0000027032   -0.0000003649    0.0000009828
  -0.0000026918   -0.0000010148    0.0000003175
  -0.0000016607   -0.0000015368   -0.0000000321
  -0.0000025829    0.0000017809    0.0000015333
  -0.0000021637   -0.0000000376   -0.0000023996
  -0.0000014185   -0.0000002308   -0.0000007436
  -0.0000012689   -0.0000000395   -0.0000003398
  -0.0000012529    0.0000003562    0.0000000470
  -0.0000014225    0.0000007461    0.0000002351
  -0.0000021559    0.0000023991    0.0000000604
  -0.0000026557   -0.0000066688   -0.0000015804
  -0.0000019874   -0.0000019213    0.0000014265
  -0.0000043060   -0.0000011656    0.0000011123
  -0.0000020345   -0.0000014549    0.0000019004
  -0.0000026371    0.0000015607    0.0000066720
  -0.0000005721   -0.0000003845    0.0000034429
   0.0000012885   -0.0000008745    0.0000086551
  -0.0000006414   -0.0000052901   -0.0000000863
   0.0000019935   -0.0000032213    0.0000032464
  -0.0000006176    0.0000000820    0.0000053131
   0.0000012955   -0.0000086559    0.0000009209
  -0.0000005739   -0.0000034469    0.0000004118
  -0.0000054097   -0.0000158126   -0.0000052395
  -0.0000009091   -0.0000038148    0.0000040989
  -0.0000009126   -0.0000041017    0.0000037846
  -0.0000054413    0.0000052213    0.0000158130
  -0.0000035938    0.0000004175    0.0000008654
  -0.0000036062   -0.0000004093   -0.0000008736
  -0.0000053864   -0.0000052295   -0.0000158062
  -0.0000008406    0.0000041042   -0.0000037991
  -0.0000008890    0.0000038129   -0.0000040879
  -0.0000054239    0.0000158237    0.0000052346
  -0.0000036418    0.0000008773    0.0000004685
  -0.0000035863   -0.0000008786   -0.0000004832
  -0.0000169221   -0.0000466065   -0.0000182385
   0.0000094046   -0.0000046884    0.0000046627
  -0.0000169176    0.0000182254    0.0000466051
  -0.0000079022    0.0000005760    0.0000022356
  -0.0000044450   -0.0000001734   -0.0000012974
  -0.0000035253    0.0000000435   -0.0000038968
  -0.0000005390   -0.0000030428   -0.0000166795
   0.0000012194    0.0000039472   -0.0000038928
  -0.0000005389    0.0000166871    0.0000030815
  -0.0000035025    0.0000039071    0.0000000437
  -0.0000044548    0.0000012988    0.0000001585
  -0.0000078965   -0.0000022353   -0.0000005822
  -0.0000248293   -0.0001793581   -0.0000314447
  -0.0000248148    0.0000314401    0.0001793447
  -0.0000199023   -0.0000030687    0.0000025086
  -0.0000088387    0.0000019974   -0.0000005239
  -0.0000030305   -0.0000003989   -0.0000023184
  -0.0000011537   -0.0000004486   -0.0000040963
   0.0000046303   -0.0000003882   -0.0000159175
   0.0000046171    0.0000159603    0.0000004440
  -0.0000011828    0.0000041482    0.0000004434
  -0.0000030255    0.0000023300    0.0000003863
  -0.0000088329    0.0000005229   -0.0000020163
  -0.0000199056   -0.0000025100    0.0000030769
   0.0017865255    0.0005396341   -0.0005396329
  -0.0001088853   -0.0000134710   -0.0000115636
  -0.0000463154    0.0000033662    0.0000066974
  -0.0000126809    0.0000012729   -0.0000006915
  -0.0000026159   -0.0000009685   -0.0000012621
   0.0000023335   -0.0000010580   -0.0000013029
   0.0000552464   -0.0000096210    0.0000096594
   0.0000023301    0.0000012981    0.0000010843
  -0.0000026081    0.0000012851    0.0000009223
  -0.0000126863    0.0000006932   -0.0000013083
  -0.0000463192   -0.0000066966   -0.0000033839
  -0.0001088863    0.0000115665    0.0000134493
  -0.0003066697   -0.0002501310   -0.0003698970
  -0.0001094820    0.0000108004   -0.0000118747
  -0.0000289536    0.0000096893    0.0000025413
  -0.0000046549    0.0000028480    0.0000021825
   0.0000023782   -0.0000012402    0.0000001699
   0.0000060448    0.0000009220    0.0000032880
   0.0000060302   -0.0000032382   -0.0000008435
   0.0000023895   -0.0000001323    0.0000012587
  -0.0000046585   -0.0000021666   -0.0000028613
  -0.0000289526   -0.0000025268   -0.0000096778
  -0.0001094766    0.0000118787   -0.0000107710
  -0.0003066707    0.0003698982    0.0002501166
   0.0000366775   -0.0000095999   -0.0001078253
  -0.0000180261   -0.0000191688    0.0000457959
  -0.0000008756   -0.0000034572    0.0000162484
   0.0000030772   -0.0000027166    0.0000075738
   0.0000035649   -0.0000026723    0.0000029828
   0.0000035592   -0.0000029692    0.0000026960
   0.0000030927   -0.0000075404    0.0000027099
  -0.0000008769   -0.0000161978    0.0000034251
  -0.0000180109   -0.0000457829    0.0000191584
   0.0000366804    0.0001078372    0.0000096100
  -0.0000283206   -0.0000974657    0.0000215675
  -0.0000283091   -0.0000215836    0.0000974601
   0.0000026579   -0.0000186475    0.0000003653
  -0.0000008682    0.0000036995    0.0000036826
  -0.0000015944    0.0000006080    0.0000041541
   0.0000005073   -0.0000002230    0.0000018645
   0.0000014433   -0.0000008744    0.0000008997
   0.0000004868   -0.0000018181    0.0000001933
  -0.0000015868   -0.0000041400   -0.0000005906
  -0.0000008704   -0.0000036626   -0.0000037373
   0.0000026437   -0.0000003710    0.0000186266
  -0.0000023740   -0.0000099981   -0.0000005970
   0.0000052048   -0.0000058113    0.0000058098
  -0.0000023856    0.0000006030    0.0000099994
   0.0000021457   -0.0000032638   -0.0000032417
  -0.0000037953    0.0000010487    0.0000010236
  -0.0000022922    0.0000014231    0.0000014157
  -0.0000013001    0.0000002750    0.0000003441
  -0.0000013001   -0.0000002894   -0.0000003274
  -0.0000023213   -0.0000014061   -0.0000014164
  -0.0000037987   -0.0000010122   -0.0000010352
   0.0000021154    0.0000032665    0.0000032530
  -0.0000022649   -0.0000013029   -0.0000013041
   0.0000012135    0.0000004635    0.0000004478
   0.0000012189   -0.0000004545   -0.0000004589
  -0.0000022602    0.0000013027    0.0000013332
  -0.0000006939   -0.0000013411   -0.0000014420
  -0.0000024138    0.0000005345    0.0000002998
  -0.0000020481    0.0000004623    0.0000011090
  -0.0000016625   -0.0000004619    0.0000004500
  -0.0000020478   -0.0000010987   -0.0000004699
  -0.0000024097   -0.0000002864   -0.0000005269
  -0.0000006958    0.0000014744    0.0000013156
  -0.0000012981    0.0000003004   -0.0000007873
  -0.0000006231    0.0000000419   -0.0000008685
   0.0000003311    0.0000006335   -0.0000006270
  -0.0000006371    0.0000008646   -0.0000000303
  -0.0000012912    0.0000007729   -0.0000002881
  -0.0000008620   -0.0000017192   -0.0000009131
  -0.0000018386   -0.0000005971    0.0000004819
  -0.0000020191   -0.0000007672    0.0000013511
  -0.0000020468   -0.0000014345    0.0000007753
  -0.0000018463   -0.0000004544    0.0000005276
  -0.0000008609    0.0000009376    0.0000016975
  -0.0000005793    0.0000001979   -0.0000006250
  -0.0000003311    0.0000000314   -0.0000011666
  -0.0000004200    0.0000002394   -0.0000007708
  -0.0000004148    0.0000007726   -0.0000002331
  -0.0000002660    0.0000011681   -0.0000000182
  -0.0000005431    0.0000006185   -0.0000001935
  -0.0000010160   -0.0000028950   -0.0000007229
  -0.0000022030   -0.0000019938    0.0000005680
  -0.0000026353   -0.0000016791    0.0000016435
  -0.0000022241   -0.0000006432    0.0000019813
  -0.0000010596    0.0000007490    0.0000029004
  -0.0000019708    0.0000013867    0.0000013662
  -0.0000028745   -0.0000013499   -0.0000079980
  -0.0000000873   -0.0000006772   -0.0000039415
  -0.0000015460    0.0000015372   -0.0000015330
  -0.0000001069    0.0000039433    0.0000007272
  -0.0000028410    0.0000079824    0.0000013507
  -0.0000019530   -0.0000013579   -0.0000013601
  -0.0000002301   -0.0000079401   -0.0000014868
  -0.0000019296   -0.0000041977    0.0000008177
  -0.0000019305   -0.0000008834    0.0000041816
  -0.0000002209    0.0000014606    0.0000079284
   0.0000003249   -0.0000001477    0.0000058029
   0.0000035186   -0.0000010731    0.0000103758
   0.0000095863   -0.0000026222    0.0000284244
   0.0000036517   -0.0000178062   -0.0000010658
   0.0000036388    0.0000010743    0.0000178160
   0.0000096067   -0.0000284199    0.0000026627
   0.0000035141   -0.0000103745    0.0000010626
   0.0000003148   -0.0000058120    0.0000001437
  -0.0000005294   -0.0000166644   -0.0000030932
   0.0000012113   -0.0000039096    0.0000039080
  -0.0000005472    0.0000030528    0.0000166568
  -0.0000035221   -0.0000000072    0.0000038901
  -0.0000044684    0.0000001568    0.0000012932
  -0.0000078853   -0.0000005216   -0.0000022346
  -0.0000169154   -0.0000181961   -0.0000466151
   0.0000093891    0.0000046924   -0.0000046640
  -0.0000169178    0.0000466164    0.0000182482
  -0.0000078979    0.0000022342    0.0000005677
  -0.0000044704   -0.0000013005   -0.0000001522
  -0.0000035410   -0.0000038909   -0.0000000309
   0.0000014826   -0.0000463411    0.0000010192
   0.0000014692   -0.0000010120    0.0000463270
  -0.0000064848   -0.0000013509    0.0000055723
  -0.0000058665   -0.0000005262    0.0000016553
  -0.0000058447    0.0000005529   -0.0000016649
  -0.0000064685    0.0000013703   -0.0000055639
   0.0000014916    0.0000010622   -0.0000463376
   0.0000014823    0.0000463602   -0.0000010227
  -0.0000064744    0.0000055697   -0.0000013184
  -0.0000058619    0.0000016606   -0.0000005234
  -0.0000058599   -0.0000016583    0.0000005068
  -0.0000064936   -0.0000055651    0.0000013450
   0.0005523667    0.0001078544   -0.0001078711
  -0.0000283851   -0.0000115611    0.0000035561
  -0.0000188746    0.0000003069    0.0000046695
  -0.0000099494   -0.0000002654    0.0000007460
  -0.0000067621   -0.0000000499   -0.0000020783
  -0.0000043954    0.0000036524   -0.0000031244
   0.0001657255   -0.0000289604    0.0000289967
  -0.0000044010    0.0000031631   -0.0000036192
  -0.0000067723    0.0000020877    0.0000001009
  -0.0000099406   -0.0000007506    0.0000002270
  -0.0000188680   -0.0000046799   -0.0000003484
  -0.0000283778   -0.0000035616    0.0000115147
  -0.0000873113   -0.0001014929   -0.0000997418
  -0.0000465074   -0.0000052814    0.0000070027
  -0.0000191455   -0.0000016003    0.0000043565
  -0.0000068885   -0.0000002584    0.0000015076
  -0.0000026242   -0.0000006209    0.0000002486
   0.0000018374    0.0000074941    0.0000092553
   0.0000018351   -0.0000091907   -0.0000074215
  -0.0000026437   -0.0000002175    0.0000006814
  -0.0000068794   -0.0000015067    0.0000002999
  -0.0000191470   -0.0000043533    0.0000016037
  -0.0000465053   -0.0000069982    0.0000052502
  -0.0000873213    0.0000997390    0.0001014677
   0.0000399696   -0.0000216187   -0.0001028718
  -0.0000208031    0.0000013549    0.0000019983
  -0.0000069745    0.0000005292    0.0000049730
  -0.0000014093   -0.0000005241    0.0000033351
   0.0000054142   -0.0000010506    0.0000051875
   0.0000038429   -0.0000018509    0.0000018880
   0.0000053746   -0.0000052082    0.0000010796
  -0.0000013940   -0.0000033296    0.0000004983
  -0.0000069987   -0.0000049580   -0.0000005321
  -0.0000208018   -0.0000019886   -0.0000013849
   0.0000399955    0.0001028756    0.0000215970
  -0.0000662438    0.0000029459   -0.0000029540
   0.0000087414   -0.0000033123   -0.0000291559
  -0.0000060774   -0.0000058171    0.0000157659
  -0.0000003640   -0.0000015789    0.0000082207
   0.0000008328   -0.0000015609    0.0000035377
   0.0000021099   -0.0000020660    0.0000021087
   0.0000007891   -0.0000035284    0.0000015971
  -0.0000003837   -0.0000081900    0.0000015460
  -0.0000060689   -0.0000157690    0.0000057824
   0.0000087121    0.0000291610    0.0000033265
  -0.0000110082   -0.0000275385    0.0000074982
   0.0000029261   -0.0000074623    0.0000074673
  -0.0000110366   -0.0000075220    0.0000275375
  -0.0000008399   -0.0000059747    0.0000004211
  -0.0000019177    0.0000008068    0.0000024530
  -0.0000021127    0.0000004068    0.0000022804
  -0.0000004991   -0.0000000642    0.0000009374
  -0.0000004943   -0.0000009334    0.0000000842
  -0.0000020881   -0.0000022239   -0.0000004272
  -0.0000019140   -0.0000024197   -0.0000008520
  -0.0000008664   -0.0000004171    0.0000059738
  -0.0000008833   -0.0000040438    0.0000013114
  -0.0000005476   -0.0000024067    0.0000023649
  -0.0000005253   -0.0000023659    0.0000024016
  -0.0000008315   -0.0000013089    0.0000040496
  -0.0000006232   -0.0000014276   -0.0000013238
  -0.0000023855    0.0000003001    0.0000005211
  -0.0000020637    0.0000011076    0.0000004680
  -0.0000016874    0.0000004605   -0.0000004790
  -0.0000020687   -0.0000004029   -0.0000011082
  -0.0000024318   -0.0000005394   -0.0000003180
  -0.0000006268    0.0000013284    0.0000014276
  -0.0000012841   -0.0000007720    0.0000002745
  -0.0000006743   -0.0000008633    0.0000000147
   0.0000003133   -0.0000006377    0.0000006355
  -0.0000006874   -0.0000000225    0.0000008659
  -0.0000013157   -0.0000002827    0.0000007759
  -0.0000007246   -0.0000014237   -0.0000014183
  -0.0000010013   -0.0000001332   -0.0000001108
  -0.0000015350    0.0000001604    0.0000002070
  -0.0000015081   -0.0000001768   -0.0000002027
  -0.0000010362    0.0000001224    0.0000001188
  -0.0000007732    0.0000014328    0.0000014302
  -0.0000004311    0.0000001530    0.0000001539
  -0.0000003124   -0.0000007147   -0.0000007352
   0.0000005591   -0.0000005540   -0.0000005557
   0.0000005438    0.0000005596    0.0000005499
  -0.0000002860    0.0000007426    0.0000007473
  -0.0000004668   -0.0000001414   -0.0000001602
  -0.0000000225   -0.0000019302   -0.0000014380
  -0.0000005437   -0.0000011547   -0.0000003553
  -0.0000011295   -0.0000005280    0.0000005214
  -0.0000005493    0.0000003596    0.0000011157
   0.0000000013    0.0000014520    0.0000019212
  -0.0000002856    0.0000018769    0.0000017774
   0.0000003719   -0.0000015207   -0.0000022761
   0.0000003875   -0.0000020689   -0.0000022854
   0.0000023246   -0.0000004385    0.0000004427
   0.0000004461    0.0000022767    0.0000020829
   0.0000004111    0.0000022781    0.0000015369
  -0.0000002800   -0.0000017972   -0.0000018635
   0.0000005507   -0.0000034240   -0.0000020074
   0.0000000254   -0.0000019065   -0.0000002013
  -0.0000000230    0.0000001664    0.0000018832
   0.0000005435    0.0000020062    0.0000033736
  -0.0000003611    0.0000020605    0.0000024570
  -0.0000033370    0.0000023004    0.0000016674
  -0.0000093803   -0.0000069127   -0.0000274676
  -0.0000005735    0.0000012488   -0.0000101313
  -0.0000005709    0.0000101272   -0.0000012477
  -0.0000093892    0.0000274637    0.0000069148
  -0.0000033130   -0.0000016837   -0.0000022674
  -0.0000003438   -0.0000024768   -0.0000020387
   0.0000027989   -0.0000078715   -0.0000027742
   0.0000033854   -0.0000014362    0.0000013965
   0.0000028085    0.0000027326    0.0000078729
   0.0000022646    0.0000010282    0.0000068850
   0.0000051397   -0.0000007670    0.0000140828
   0.0000124633   -0.0000061230    0.0000321781
   0.0000376537   -0.0000090591    0.0001054076
  -0.0000057986   -0.0000314871    0.0000314856
   0.0000376686   -0.0001054135    0.0000091052
   0.0000124606   -0.0000321777    0.0000061636
   0.0000051233   -0.0000140860    0.0000007728
   0.0000022249   -0.0000068874   -0.0000009942
   0.0000046240   -0.0000159590   -0.0000004275
   0.0000046345    0.0000004138    0.0000159047
  -0.0000011838    0.0000004502    0.0000040966
  -0.0000030400    0.0000004136    0.0000023198
  -0.0000088330   -0.0000019914    0.0000005221
  -0.0000199079    0.0000031193   -0.0000025134
  -0.0000248294   -0.0000314225   -0.0001793420
  -0.0000248063    0.0001793486    0.0000314332
  -0.0000198996    0.0000025135   -0.0000030891
  -0.0000088322   -0.0000005219    0.0000020329
  -0.0000030498   -0.0000023168   -0.0000003736
  -0.0000011582   -0.0000041222   -0.0000004622
   0.0001657318    0.0000289517   -0.0000290075
  -0.0000044085   -0.0000036783    0.0000031301
  -0.0000067644    0.0000000496    0.0000020857
  -0.0000099502    0.0000002571   -0.0000007508
  -0.0000188712   -0.0000003122   -0.0000046763
  -0.0000283860    0.0000115066   -0.0000035653
   0.0005523658   -0.0001078544    0.0001078753
  -0.0000283872    0.0000035740   -0.0000115061
  -0.0000188740    0.0000046796    0.0000003389
  -0.0000099455    0.0000007529   -0.0000002339
  -0.0000067596   -0.0000020786   -0.0000000884
  -0.0000044021   -0.0000031307    0.0000036168
  -0.0000144779   -0.0000279762   -0.0000303064
  -0.0000127353   -0.0000024484   -0.0000000541
  -0.0000101184   -0.0000001312    0.0000009221
  -0.0000101216    0.0000001715   -0.0000009235
  -0.0000127326    0.0000024679    0.0000000479
  -0.0000144794    0.0000280122    0.0000302909
  -0.0000144777   -0.0000302939   -0.0000279687
  -0.0000127330   -0.0000000444   -0.0000024104
  -0.0000101279    0.0000009380   -0.0000001038
  -0.0000101167   -0.0000009277    0.0000001151
  -0.0000127362    0.0000000417    0.0000024347
  -0.0000144762    0.0000302972    0.0000279666
   0.0000157356   -0.0000075824   -0.0000383375
  -0.0000094164   -0.0000031317   -0.0000002997
  -0.0000064016    0.0000001888    0.0000015667
  -0.0000034526    0.0000000031    0.0000018815
   0.0000075777    0.0000018440    0.0000129598
  -0.0000010096   -0.0000007126    0.0000007201
   0.0000075666   -0.0000129589   -0.0000018476
  -0.0000034677   -0.0000018805    0.0000000291
  -0.0000063839   -0.0000015632   -0.0000002385
  -0.0000094205    0.0000002988    0.0000031363
   0.0000157471    0.0000383153    0.0000075527
  -0.0000156718    0.0000010552   -0.0000010898
   0.0000112093   -0.0000075979   -0.0000317608
  -0.0000088733   -0.0000013728    0.0000020628
  -0.0000042768   -0.0000001956    0.0000036862
   0.0000019259   -0.0000004810    0.0000066395
   0.0000014325   -0.0000020600    0.0000022400
   0.0000014147   -0.0000022291    0.0000020768
   0.0000019303   -0.0000066237    0.0000005124
  -0.0000042744   -0.0000036677    0.0000001561
  -0.0000088720   -0.0000020520    0.0000013510
   0.0000112159    0.0000317637    0.0000075901
  -0.0000110983    0.0000007731   -0.0000076887
  -0.0000110929    0.0000076713   -0.0000007864
   0.0000006269   -0.0000017104   -0.0000086977
  -0.0000031371   -0.0000018037    0.0000072731
  -0.0000011917   -0.0000001762    0.0000036988
   0.0000001820   -0.0000008477    0.0000021679
   0.0000001862   -0.0000021328    0.0000009026
  -0.0000011905   -0.0000036846    0.0000001991
  -0.0000031891   -0.0000072704    0.0000017739
   0.0000006593    0.0000086995    0.0000016837
  -0.0000035781   -0.0000077350    0.0000021851
  -0.0000001122   -0.0000020844    0.0000017637
  -0.0000001413   -0.0000017659    0.0000020757
  -0.0000036076   -0.0000022330    0.0000077355
  -0.0000014164   -0.0000022291    0.0000006169
  -0.0000016482    0.0000011281    0.0000008995
  -0.0000018989    0.0000009784    0.0000008455
  -0.0000011139    0.0000003630   -0.0000003190
  -0.0000019405   -0.0000008415   -0.0000009160
  -0.0000016185   -0.0000008798   -0.0000011525
  -0.0000014209   -0.0000006126    0.0000022213
  -0.0000015801   -0.0000010644    0.0000011417
  -0.0000004767   -0.0000009571    0.0000004789
  -0.0000003979   -0.0000007011    0.0000006965
  -0.0000004558   -0.0000005182    0.0000009583
  -0.0000015414   -0.0000011546    0.0000010756
  -0.0000007899   -0.0000009306   -0.0000016950
  -0.0000018444    0.0000004479   -0.0000005431
  -0.0000020486    0.0000014111   -0.0000007730
  -0.0000020848    0.0000007543   -0.0000013579
  -0.0000018450    0.0000005847   -0.0000004799
  -0.0000008032    0.0000017246    0.0000008974
  -0.0000005152   -0.0000006050    0.0000001917
  -0.0000003552   -0.0000011503    0.0000000147
  -0.0000004654   -0.0000007664    0.0000002200
  -0.0000004368   -0.0000002232    0.0000007607
  -0.0000003205   -0.0000000217    0.0000011580
  -0.0000005277   -0.0000002072    0.0000006100
  -0.0000000219   -0.0000014490   -0.0000019279
  -0.0000005038   -0.0000003836   -0.0000010967
  -0.0000011648    0.0000005040   -0.0000005017
  -0.0000005076    0.0000011512    0.0000003605
  -0.0000000207    0.0000019423    0.0000014176
  -0.0000002836    0.0000017987    0.0000018218
   0.0000003562   -0.0000022715   -0.0000015376
   0.0000003866   -0.0000022765   -0.0000020770
   0.0000023614    0.0000004366   -0.0000004421
   0.0000003996    0.0000020651    0.0000022762
   0.0000003738    0.0000015264    0.0000022886
  -0.0000002666   -0.0000018653   -0.0000017674
   0.0000016065   -0.0000024085   -0.0000023855
   0.0000009825   -0.0000010093   -0.0000009680
   0.0000010161    0.0000010123    0.0000009625
   0.0000015696    0.0000024076    0.0000023747
   0.0000006345    0.0000025510    0.0000025840
  -0.0000019302    0.0000019339    0.0000019066
   0.0000045189   -0.0000071313   -0.0000071372
   0.0000075290   -0.0000055175   -0.0000055273
   0.0000075275    0.0000055242    0.0000055145
   0.0000045436    0.0000071423    0.0000071344
  -0.0000019083   -0.0000019048   -0.0000019005
   0.0000006587   -0.0000025557   -0.0000025726
   0.0000028533   -0.0000033810   -0.0000030277
   0.0000032355    0.0000000851   -0.0000000577
   0.0000028655    0.0000030693    0.0000033216
   0.0000012329    0.0000027744    0.0000027246
  -0.0000027276    0.0000020372    0.0000026397
  -0.0000096062    0.0000087818    0.0000016372
  -0.0000252764   -0.0000208311   -0.0000970813
   0.0000051313    0.0000107492   -0.0000107484
  -0.0000252757    0.0000970848    0.0000208444
  -0.0000096032   -0.0000016321   -0.0000087562
  -0.0000027280   -0.0000026568   -0.0000020467
   0.0000012280   -0.0000027007   -0.0000027453
   0.0000070951   -0.0000064326   -0.0000012563
   0.0000070639    0.0000012339    0.0000064304
   0.0000051794    0.0000015310    0.0000060752
   0.0000076970   -0.0000009880    0.0000137934
   0.0000162984   -0.0000061224    0.0000389995
   0.0000411467   -0.0000191308    0.0001042676
   0.0001596459    0.0002227832    0.0005308835
   0.0001596534   -0.0005308838   -0.0002227658
   0.0000411364   -0.0001042706    0.0000191426
   0.0000162935   -0.0000389979    0.0000061399
   0.0000077023   -0.0000137798    0.0000010119
   0.0000051833   -0.0000060841   -0.0000014843
   0.0000552453    0.0000096045   -0.0000096793
   0.0000023360    0.0000010078    0.0000012852
  -0.0000026192    0.0000009671    0.0000012613
  -0.0000126810   -0.0000013192    0.0000006794
  -0.0000463181   -0.0000033748   -0.0000067050
  -0.0001088896    0.0000134937    0.0000115675
   0.0017865267   -0.0005396307    0.0005396202
  -0.0001088893   -0.0000115660   -0.0000134656
  -0.0000463153    0.0000066958    0.0000033733
  -0.0000126805   -0.0000006821    0.0000013275
  -0.0000026297   -0.0000012648   -0.0000009422
   0.0000023464   -0.0000013271   -0.0000010850
   0.0000018410   -0.0000074515   -0.0000092495
  -0.0000026343    0.0000006375   -0.0000002521
  -0.0000068831    0.0000003295   -0.0000015066
  -0.0000191462    0.0000016109   -0.0000043616
  -0.0000465120    0.0000052942   -0.0000070026
  -0.0000873160    0.0001014929    0.0000997401
  -0.0000873103   -0.0000997462   -0.0001014674
  -0.0000465158    0.0000070093   -0.0000052611
  -0.0000191475    0.0000043665   -0.0000016010
  -0.0000068890    0.0000014988   -0.0000002829
  -0.0000026316    0.0000002414   -0.0000006895
   0.0000018391    0.0000092274    0.0000074157
   0.0000075429   -0.0000018842   -0.0000129646
  -0.0000034608    0.0000000041   -0.0000019037
  -0.0000063935   -0.0000002036   -0.0000015695
  -0.0000094036    0.0000031403    0.0000002990
   0.0000157532    0.0000075862    0.0000383214
  -0.0000156716   -0.0000010827    0.0000010904
   0.0000157531   -0.0000383060   -0.0000075904
  -0.0000094061   -0.0000002930   -0.0000031259
  -0.0000064074    0.0000015671    0.0000002364
  -0.0000034331    0.0000018905   -0.0000000399
   0.0000075547    0.0000129332    0.0000018462
  -0.0000010097    0.0000007162   -0.0000007358
   0.0000044208   -0.0000016501   -0.0000139007
  -0.0000054691   -0.0000002809   -0.0000012794
  -0.0000054412    0.0000002643    0.0000012797
   0.0000044319    0.0000016126    0.0000139007
  -0.0000032493   -0.0000011951    0.0000020944
  -0.0000032339   -0.0000020876    0.0000012030
   0.0000044292   -0.0000138970   -0.0000015808
  -0.0000054530   -0.0000012705   -0.0000002277
  -0.0000054724    0.0000012744    0.0000002339
   0.0000044278    0.0000138800    0.0000015648
  -0.0000032353    0.0000020862   -0.0000012038
  -0.0000032335    0.0000011913   -0.0000020916
   0.0000023669   -0.0000020216   -0.0000104279
  -0.0000046704   -0.0000007371    0.0000009750
  -0.0000004314    0.0000006344    0.0000061350
  -0.0000005159   -0.0000012207    0.0000027244
   0.0000007750   -0.0000021809    0.0000022309
  -0.0000004991   -0.0000027139    0.0000012217
  -0.0000004094   -0.0000061294   -0.0000005912
  -0.0000046726   -0.0000009688    0.0000007479
   0.0000023550    0.0000104301    0.0000019983
  -0.0000041635    0.0000017250   -0.0000014742
  -0.0000025880    0.0000016259   -0.0000016337
  -0.0000041203    0.0000014552   -0.0000017318
  -0.0000005345    0.0000001208   -0.0000001871
  -0.0000028105   -0.0000012018    0.0000025138
  -0.0000009385    0.0000000370    0.0000026709
  -0.0000007479   -0.0000013196    0.0000013610
  -0.0000009035   -0.0000026608   -0.0000000034
  -0.0000028097   -0.0000025185    0.0000012559
  -0.0000005589    0.0000001834   -0.0000001139
  -0.0000024021   -0.0000019704    0.0000010478
  -0.0000006646    0.0000002497    0.0000005159
  -0.0000004813    0.0000005101   -0.0000005209
  -0.0000006975   -0.0000005543   -0.0000002626
  -0.0000024651   -0.0000010935    0.0000019684
  -0.0000025765   -0.0000017715   -0.0000015213
  -0.0000016250    0.0000015423    0.0000000301
  -0.0000026927    0.0000010287   -0.0000003323
  -0.0000027123    0.0000003592   -0.0000009860
  -0.0000016504   -0.0000000132   -0.0000015079
  -0.0000025290    0.0000015395    0.0000017505
  -0.0000021862   -0.0000023945   -0.0000000617
  -0.0000014505   -0.0000007395   -0.0000002481
  -0.0000013078   -0.0000003565   -0.0000000551
  -0.0000012976    0.0000000536    0.0000003365
  -0.0000014278    0.0000002103    0.0000007347
  -0.0000021743    0.0000000127    0.0000023886
  -0.0000009772   -0.0000007759   -0.0000028882
  -0.0000022079    0.0000006234   -0.0000020086
  -0.0000026194    0.0000016967   -0.0000016590
  -0.0000022270    0.0000019930   -0.0000005651
  -0.0000010158    0.0000028998    0.0000007189
  -0.0000018835    0.0000013492    0.0000013747
  -0.0000028681   -0.0000079860   -0.0000013449
  -0.0000001001   -0.0000039400   -0.0000007281
  -0.0000015953   -0.0000015446    0.0000015477
  -0.0000001427    0.0000006905    0.0000039334
  -0.0000028487    0.0000013471    0.0000079923
  -0.0000019211   -0.0000013974   -0.0000013671
   0.0000005396   -0.0000020131   -0.0000033995
  -0.0000000411   -0.0000001711   -0.0000019125
  -0.0000000605    0.0000019063    0.0000001907
   0.0000005778    0.0000034252    0.0000020091
  -0.0000003251    0.0000024765    0.0000020271
  -0.0000032878    0.0000016808    0.0000022689
  -0.0000094428   -0.0000274567   -0.0000069283
  -0.0000006188   -0.0000101278    0.0000012370
  -0.0000005966   -0.0000012514    0.0000101225
  -0.0000094103    0.0000069089    0.0000274593
  -0.0000032717   -0.0000023043   -0.0000016608
  -0.0000002982   -0.0000020597   -0.0000024484
   0.0000028715   -0.0000030400   -0.0000033280
   0.0000032124   -0.0000000461    0.0000000370
   0.0000028716    0.0000033631    0.0000030341
   0.0000012310    0.0000027342    0.0000027432
  -0.0000027187    0.0000026751    0.0000020258
  -0.0000095807    0.0000016496    0.0000087753
  -0.0000252978   -0.0000970797   -0.0000208494
   0.0000051114   -0.0000107516    0.0000107482
  -0.0000252833    0.0000208516    0.0000970822
  -0.0000095952   -0.0000087851   -0.0000016362
  -0.0000027489   -0.0000020190   -0.0000026412
   0.0000012199   -0.0000027396   -0.0000027116
   0.0000058628   -0.0000024762   -0.0000024549
   0.0000058965    0.0000024931    0.0000024402
   0.0000033004    0.0000026400    0.0000026392
  -0.0000009883    0.0000018246    0.0000017951
  -0.0000148291    0.0000024572    0.0000024504
  -0.0000645220    0.0000048006    0.0000047992
   0.0000148376   -0.0002503029   -0.0002503126
   0.0000148382    0.0002503088    0.0002503025
  -0.0000645244   -0.0000047906   -0.0000047920
  -0.0000148270   -0.0000024467   -0.0000024495
  -0.0000010257   -0.0000018204   -0.0000017874
   0.0000033094   -0.0000026398   -0.0000026286
   0.0000260144    0.0000008324   -0.0000008794
   0.0000057781   -0.0000004773    0.0000042311
   0.0000017574   -0.0000066198    0.0000104640
  -0.0000144478   -0.0000266311    0.0000314191
  -0.0000867821   -0.0000992120    0.0001009821
  -0.0002994066   -0.0002396001    0.0003761682
   0.0327399789    0.0227465980   -0.0227466076
  -0.0002994020   -0.0003761720    0.0002396038
  -0.0000867809   -0.0001010051    0.0000992150
  -0.0000144472   -0.0000314189    0.0000266331
   0.0000017465   -0.0000104835    0.0000066000
   0.0000057625   -0.0000043028    0.0000004482
   0.0000060459   -0.0000008998   -0.0000032709
   0.0000023796    0.0000012628   -0.0000001509
  -0.0000046583   -0.0000028058   -0.0000021900
  -0.0000289582   -0.0000096702   -0.0000025368
  -0.0001094813   -0.0000107883    0.0000118659
  -0.0003066728    0.0002501200    0.0003698920
  -0.0003066729   -0.0003698857   -0.0002501212
  -0.0001094751   -0.0000118754    0.0000107819
  -0.0000289547    0.0000025335    0.0000096950
  -0.0000046535    0.0000021541    0.0000028527
   0.0000023824    0.0000001329   -0.0000012444
   0.0000060464    0.0000032500    0.0000008696
   0.0000053986    0.0000010572   -0.0000051860
  -0.0000013945    0.0000005272   -0.0000033260
  -0.0000069880   -0.0000005413   -0.0000049750
  -0.0000208106   -0.0000013729   -0.0000020027
   0.0000399900    0.0000216255    0.0001028740
  -0.0000662283   -0.0000029463    0.0000029363
   0.0000399930   -0.0001028719   -0.0000215947
  -0.0000208028    0.0000019929    0.0000013898
  -0.0000069940    0.0000049667    0.0000005350
  -0.0000014260    0.0000033099   -0.0000004887
   0.0000053894    0.0000051917   -0.0000010962
   0.0000038262    0.0000018274   -0.0000019129
   0.0000019434    0.0000004780   -0.0000066523
  -0.0000042995    0.0000001540   -0.0000036777
  -0.0000088695    0.0000013680   -0.0000020627
   0.0000112053    0.0000075829    0.0000317648
  -0.0000111064   -0.0000076667    0.0000007930
  -0.0000111026   -0.0000007884    0.0000076795
   0.0000112059   -0.0000317617   -0.0000075719
  -0.0000088832    0.0000020601   -0.0000013581
  -0.0000043119    0.0000036635   -0.0000001724
   0.0000019491    0.0000066209   -0.0000005130
   0.0000014169    0.0000022085   -0.0000020677
   0.0000014063    0.0000020127   -0.0000022604
  -0.0000004697   -0.0000006207   -0.0000061336
  -0.0000046875    0.0000007529   -0.0000009752
   0.0000023411    0.0000020116    0.0000104248
  -0.0000041263   -0.0000014196    0.0000017462
  -0.0000025243   -0.0000016227    0.0000016352
  -0.0000041097   -0.0000017255    0.0000014610
   0.0000023345   -0.0000104247   -0.0000019643
  -0.0000046840    0.0000009801   -0.0000007202
  -0.0000004212    0.0000061277    0.0000005915
  -0.0000005213    0.0000027098   -0.0000012443
   0.0000007862    0.0000022104   -0.0000022559
  -0.0000005506    0.0000012303   -0.0000027222
  -0.0000013744   -0.0000008533   -0.0000037499
  -0.0000013801    0.0000008395    0.0000037357
  -0.0000023471   -0.0000003833    0.0000021712
  -0.0000002136   -0.0000014546    0.0000023201
  -0.0000002279   -0.0000023083    0.0000014500
  -0.0000024087   -0.0000021542    0.0000004217
  -0.0000014194   -0.0000037446   -0.0000008247
  -0.0000013491    0.0000037450    0.0000008114
  -0.0000023821    0.0000021512   -0.0000004387
  -0.0000002791    0.0000023084   -0.0000014469
  -0.0000002794    0.0000014296   -0.0000023148
  -0.0000023879    0.0000004098   -0.0000021598
