   0.000000000000000    0.000000000000000
  10.000000000000000    0.057933123422017
  20.000000000000000    0.465165712885329
  30.000000000000000    1.658084112977361
  40.000000000000000    3.611477402322198
  50.000000000000000    5.862284052383469
  60.000000000000000    8.074018558801685
  70.000000000000000   10.166116555139782
  80.000000000000000   12.161942955418796
  90.000000000000000   14.080870576621161
 100.000000000000000   15.987687595597993
 110.000000000000000   17.833260408243696
 120.000000000000000   19.675403574300475
 130.000000000000000   21.452204010447069
 140.000000000000000   23.137503542766684
 150.000000000000000   24.830732012309365
 160.000000000000000   26.341929223075446
 170.000000000000000   27.823372225173912
 180.000000000000000   29.237678226651507
 190.000000000000000   30.484929046732031
 200.000000000000000   31.745258810423294
 210.000000000000000   32.731426517914912
 220.000000000000000   33.947908423023129
 230.000000000000000   34.797548386344623
 240.000000000000000   35.713958759608403
 250.000000000000000   36.497892014071020
 260.000000000000000   37.360000981268215
 270.000000000000000   38.035261070422912
 280.000000000000000   38.612146510574497
 290.000000000000000   39.200864372671994
 300.000000000000000   40.129768096576612
 310.000000000000000   40.239057716848627
 320.000000000000000   40.880456218054789
 330.000000000000000   41.354550303282814
 340.000000000000000   41.778622343810639
 350.000000000000000   42.082954907382195
 360.000000000000000   42.667199918276076
 370.000000000000000   42.823669033102640
 380.000000000000000   43.339312702322395
 390.000000000000000   43.295204599239923
 400.000000000000000   43.983556497287793
 410.000000000000000   43.998207926474535
 420.000000000000000   44.531041179485037
 430.000000000000000   44.386237581481382
 440.000000000000000   44.750316422439099
 450.000000000000000   45.157559708594050
 460.000000000000000   45.252617729868369
 470.000000000000000   45.240542633891096
 480.000000000000000   45.895312838221031
 490.000000000000000   45.537851338779120
 500.000000000000000   45.761234110957247
 510.000000000000000   46.665886084727283
 520.000000000000000   45.987958548778423
 530.000000000000000   46.127553525797794
 540.000000000000000   46.546676626770740
 550.000000000000000   46.740311705998259
 560.000000000000000   46.898883277529194
 570.000000000000000   46.819006196500993
 580.000000000000000   46.744140182047779
 590.000000000000000   47.052145399511950
 600.000000000000000   47.613341763183328
 610.000000000000000   46.971514146672277
 620.000000000000000   47.489922902813113
 630.000000000000000   47.615491388820061
 640.000000000000000   47.287519140726879
 650.000000000000000   47.515326324026248
 660.000000000000000   48.234979853909806
 670.000000000000000   47.511021687372519
 680.000000000000000   47.461504405697461
 690.000000000000000   47.790523180863033
 700.000000000000000   49.077857097085975
 710.000000000000000   47.427058566010494
 720.000000000000000   48.033166237099032
 730.000000000000000   48.254769690660346
 740.000000000000000   48.705278396919489
 750.000000000000000   47.808095533841822
 760.000000000000000   47.915060262963273
 770.000000000000000   49.035744767041400
 780.000000000000000   48.456255304974050
 790.000000000000000   48.045363179216224
 800.000000000000000   49.172064720674321
 810.000000000000000   49.252623245622011
 820.000000000000000   47.590738572310357
 830.000000000000000   48.480201051886183
 840.000000000000000   49.084446936285708
 850.000000000000000   48.923953185288241
 860.000000000000000   48.207530800916629
 870.000000000000000   49.566303054338690
 880.000000000000000   48.585697463092380
 890.000000000000000   49.108132181299823
 900.000000000000000   49.405819725978141
 910.000000000000000   47.511215089309786
 920.000000000000000   51.059245787529846
 930.000000000000000   46.836544244131645
 940.000000000000000   50.717480057865188
 950.000000000000000   48.694574139807422
 960.000000000000000   48.342231581626805
 970.000000000000000   49.324623310714721
 980.000000000000000   50.055748996940615
 990.000000000000000   50.977803058122689
