   0.000000000000000         0.000000000000000
  10.000000000000000       -40.025450376380661
  20.000000000000000        -1.415096016527535
  30.000000000000000         3.612141345447940
  40.000000000000000        -1.444051549937923
  50.000000000000000        -2.364669899862890
  60.000000000000000        -1.537097086137072
  70.000000000000000        -1.682794420112354
  80.000000000000000        -0.995332150424679
  90.000000000000000        -1.073954307979057
 100.000000000000000        -1.340202948222212
 110.000000000000000        -0.827429192178720
 120.000000000000000        -0.703177669939456
 130.000000000000000        -0.446418784680369
 140.000000000000000        -0.073573504891679
 150.000000000000000        -0.695701941992258
 160.000000000000000        -0.883226613781325
 170.000000000000000        -0.082693483290157
 180.000000000000000        -0.239113415977428
 190.000000000000000        -0.600977075949957
 200.000000000000000        -0.035994288994315
 210.000000000000000        -0.122975087343709
 220.000000000000000        -0.147204743821028
 230.000000000000000        -0.036891999592694
 240.000000000000000        -0.173956148191971
 250.000000000000000        -0.234088404877858
 260.000000000000000        -0.036218735850270
 270.000000000000000         0.067037696267037
 280.000000000000000         0.040337412532905
 290.000000000000000         0.254746044459276
 300.000000000000000         0.033234816463244
 310.000000000000000         0.018868680065711
 320.000000000000000         0.029854989565041
 330.000000000000000         0.153135845486463
 340.000000000000000         0.307911021978902
 350.000000000000000        -0.088212954897794
 360.000000000000000        -0.028833926837536
 370.000000000000000         0.180179315878290
 380.000000000000000         0.059454454795870
 390.000000000000000         0.177911109768310
 400.000000000000000         0.253829139275407
 410.000000000000000         0.132425093470701
 420.000000000000000         0.180393525793687
 430.000000000000000         0.207868265609210
 440.000000000000000         0.179497269786204
 450.000000000000000         0.193392438012115
 460.000000000000000         0.173573641002602
 470.000000000000000         0.149398030677066
 480.000000000000000         0.130004162022995
 490.000000000000000         0.293625013421637
 500.000000000000000         0.290112585533049
 510.000000000000000         0.086532492288010
 520.000000000000000         0.139844199426962
 530.000000000000000         0.172177869480163
 540.000000000000000         0.284036299919864
 550.000000000000000         0.343401114074209
 560.000000000000000         0.105771811894096
 570.000000000000000         0.087371171707217
 580.000000000000000         0.290394929290766
 590.000000000000000         0.290431911671649
 600.000000000000000         0.177799514694825
 610.000000000000000         0.171921283997399
 620.000000000000000         0.173480706256714
 630.000000000000000         0.369290019199262
 640.000000000000000         0.305198584372471
 650.000000000000000         0.097595639180261
 660.000000000000000         0.193726261891316
 670.000000000000000         0.236034742848760
 680.000000000000000         0.372832817373101
 690.000000000000000         0.304766704026162
 700.000000000000000         0.189827839283456
 710.000000000000000         0.205730380307399
 720.000000000000000         0.215221685639617
 730.000000000000000         0.218517366445941
 740.000000000000000         0.280088246935972
 750.000000000000000         0.263545239955617
 760.000000000000000         0.164519132795645
 770.000000000000000         0.217256983242369
 780.000000000000000         0.292972692739940
 790.000000000000000         0.270692701042657
 800.000000000000000         0.341338110665150
 810.000000000000000         0.296591034597504
 820.000000000000000         0.248185303133924
 830.000000000000000         0.136799147178544
 840.000000000000000         0.063140959184020
 850.000000000000000         0.311718638373596
 860.000000000000000         0.347112458464539
 870.000000000000000         0.323398252931930
 880.000000000000000         0.281644460082345
 890.000000000000000         0.322025889809483
 900.000000000000000         0.245521032150328
 910.000000000000000         0.279158398458743
 920.000000000000000         0.351018140434762
 930.000000000000000         0.172776279793038
 940.000000000000000         0.153905103612934
 950.000000000000000         0.304255443147954
 960.000000000000000         0.366843896965270
 970.000000000000000         0.268671239011879
 980.000000000000000         0.161852235270395
 990.000000000000000         0.328663703465210
