# Temperature: 0.000000
# Parameters: -15748.138817 1.138721 12.790231 38.174823
  35.335341275600001    -15747.971428145176105
  37.590129175100003    -15748.110233449993757
  39.938853257399998    -15748.146676862757886
  42.383430587600003    -15747.935307003059279
  44.925778230500001    -15747.827320606767898


# Temperature: 10.000000
# Parameters: -15748.138817 1.138762 12.791957 38.174704
  35.335341275600001    -15747.971429881190488
  37.590129175100003    -15748.110234348574522
  39.938853257399998    -15748.146677293911125
  42.383430587600003    -15747.935307770014333
  44.925778230500001    -15747.827321006829152


# Temperature: 20.000000
# Parameters: -15748.138840 1.138976 12.796045 38.174406
  35.335341275600001    -15747.971449897691855
  37.590129175100003    -15748.110243128143338
  39.938853257399998    -15748.146684258696041
  42.383430587600003    -15747.935314605247186
  44.925778230500001    -15747.827327445109404


# Temperature: 30.000000
# Parameters: -15748.138872 1.138682 12.788901 38.174570
  35.335341275600001    -15747.971534212010738
  37.590129175100003    -15748.110283305210032
  39.938853257399998    -15748.146717181814893
  42.383430587600003    -15747.935345026433424
  44.925778230500001    -15747.827357057882182


# Temperature: 40.000000
# Parameters: -15748.138904 1.137176 12.759607 38.175675
  35.335341275600001    -15747.971738859572724
  37.590129175100003    -15748.110394676474243
  39.938853257399998    -15748.146810455004015
  42.383430587600003    -15747.935430383397033
  44.925778230500001    -15747.827440145072615


# Temperature: 50.000000
# Parameters: -15748.139183 1.138195 12.780946 38.173495
  35.335341275600001    -15747.972101968431161
  37.590129175100003    -15748.110615831199539
  39.938853257399998    -15748.147000617471349
  42.383430587600003    -15747.935605719785599
  44.925778230500001    -15747.827611297409021


# Temperature: 60.000000
# Parameters: -15748.139499 1.137501 12.769535 38.172923
  35.335341275600001    -15747.972641135031154
  37.590129175100003    -15748.110972902873982
  39.938853257399998    -15748.147315173902825
  42.383430587600003    -15747.935899310346940
  44.925778230500001    -15747.827899654017529


# Temperature: 70.000000
# Parameters: -15748.140003 1.137610 12.775516 38.171099
  35.335341275600001    -15747.973361331110937
  37.590129175100003    -15748.111480493709678
  39.938853257399998    -15748.147771647154514
  42.383430587600003    -15747.936330824381002
  44.925778230500001    -15747.828326767385079


# Temperature: 80.000000
# Parameters: -15748.140656 1.137368 12.772495 38.169694
  35.335341275600001    -15747.974261487077456
  37.590129175100003    -15748.112145910512481
  39.938853257399998    -15748.148380649197861
  42.383430587600003    -15747.936913560271933
  44.925778230500001    -15747.828908277182563


# Temperature: 90.000000
# Parameters: -15748.141435 1.136500 12.758220 38.168856
  35.335341275600001    -15747.975338265639948
  37.590129175100003    -15748.112972596287364
  39.938853257399998    -15748.149148794505891
  42.383430587600003    -15747.937656823056386
  44.925778230500001    -15747.829655793460915


# Temperature: 100.000000
# Parameters: -15748.142429 1.136533 12.762454 38.166929
  35.335341275600001    -15747.976587913895855
  37.590129175100003    -15748.113962185483615
  39.938853257399998    -15748.150080513800276
  42.383430587600003    -15747.938567429309842
  44.925778230500001    -15747.830578080238411


# Temperature: 110.000000
# Parameters: -15748.143586 1.136501 12.767018 38.164987
  35.335341275600001    -15747.978007039622753
  37.590129175100003    -15748.115115529004470
  39.938853257399998    -15748.151178988910033
  42.383430587600003    -15747.939650484468075
  44.925778230500001    -15747.831681682549970


# Temperature: 120.000000
# Parameters: -15748.144849 1.135360 12.750971 38.164285
  35.335341275600001    -15747.979592840323676
  37.590129175100003    -15748.116433137807689
  39.938853257399998    -15748.152446553867776
  42.383430587600003    -15747.940909741431824
  44.925778230500001    -15747.832971277786783


# Temperature: 130.000000
# Parameters: -15748.146332 1.135147 12.754625 38.162523
  35.335341275600001    -15747.981343064881003
  37.590129175100003    -15748.117915302094843
  39.938853257399998    -15748.153884849336464
  42.383430587600003    -15747.942347790230997
  44.925778230500001    -15747.834449921332634


# Temperature: 140.000000
# Parameters: -15748.147891 1.133300 12.727951 38.162586
  35.335341275600001    -15747.983255879857097
  37.590129175100003    -15748.119562099594987
  39.938853257399998    -15748.155494877539240
  42.383430587600003    -15747.943966177213952
  44.925778230500001    -15747.836119264215085


# Temperature: 150.000000
# Parameters: -15748.149666 1.132055 12.711159 38.162221
  35.335341275600001    -15747.985329717139393
  37.590129175100003    -15748.121373359299469
  39.938853257399998    -15748.157277034393701
  42.383430587600003    -15747.945765525269962
  44.925778230500001    -15747.837979762462055


# Temperature: 160.000000
# Parameters: -15748.151697 1.132665 12.736005 38.159529
  35.335341275600001    -15747.987563138165569
  37.590129175100003    -15748.123348623108541
  39.938853257399998    -15748.159231150959386
  42.383430587600003    -15747.947745645773466
  44.925778230500001    -15747.840030878169273


# Temperature: 170.000000
# Parameters: -15748.153830 1.132153 12.740926 38.158101
  35.335341275600001    -15747.989954732362094
  37.590129175100003    -15748.125487136501761
  39.938853257399998    -15748.161356535940286
  42.383430587600003    -15747.949905657758791
  44.925778230500001    -15747.842271263980365


# Temperature: 180.000000
# Parameters: -15748.156058 1.129882 12.705729 38.159122
  35.335341275600001    -15747.992503043547913
  37.590129175100003    -15748.127787846473439
  39.938853257399998    -15748.163652045122944
  42.383430587600003    -15747.952244107122169
  44.925778230500001    -15747.844698930995946


# Temperature: 190.000000
# Parameters: -15748.158560 1.130099 12.728211 38.156862
  35.335341275600001    -15747.995206529521965
  37.590129175100003    -15748.130249417064988
  39.938853257399998    -15748.166116135269476
  42.383430587600003    -15747.954759069216379
  44.925778230500001    -15747.847311388681192


# Temperature: 200.000000
# Parameters: -15748.161199 1.129531 12.731608 38.155868
  35.335341275600001    -15747.998063542365344
  37.590129175100003    -15748.132870265657402
  39.938853257399998    -15748.168746935627496
  42.383430587600003    -15747.957448246288550
  44.925778230500001    -15747.850105772353345


# Temperature: 210.000000
# Parameters: -15748.163915 1.127434 12.705623 38.156659
  35.335341275600001    -15748.001072317045328
  37.590129175100003    -15748.135648582650902
  39.938853257399998    -15748.171542304940886
  42.383430587600003    -15747.960309053489254
  44.925778230500001    -15747.853078941641797


# Temperature: 220.000000
# Parameters: -15748.166875 1.127169 12.721197 38.155148
  35.335341275600001    -15748.004230977629049
  37.590129175100003    -15748.138582376030172
  39.938853257399998    -15748.174499890525112
  42.383430587600003    -15747.963338691430181
  44.925778230500001    -15747.856227563401262


# Temperature: 230.000000
# Parameters: -15748.169935 1.125414 12.701200 38.155769
  35.335341275600001    -15748.007537550760389
  37.590129175100003    -15748.141669500395437
  39.938853257399998    -15748.177617171786551
  42.383430587600003    -15747.966534203189440
  44.925778230500001    -15747.859548179072590


# Temperature: 240.000000
# Parameters: -15748.173189 1.124714 12.707971 38.154918
  35.335341275600001    -15748.010989972915922
  37.590129175100003    -15748.144907688043531
  39.938853257399998    -15748.180891512060043
  42.383430587600003    -15747.969892530270954
  44.925778230500001    -15747.863037259628982


# Temperature: 250.000000
# Parameters: -15748.176574 1.123913 12.710331 38.154655
  35.335341275600001    -15748.014586114239137
  37.590129175100003    -15748.148294584218092
  39.938853257399998    -15748.184320184505850
  42.383430587600003    -15747.973410547849198
  44.925778230500001    -15747.866691247014387


# Temperature: 260.000000
# Parameters: -15748.180165 1.123446 12.723508 38.153381
  35.335341275600001    -15748.018323786833207
  37.590129175100003    -15748.151827762640096
  39.938853257399998    -15748.187900415647164
  42.383430587600003    -15747.977085104152138
  44.925778230500001    -15747.870506585253679


# Temperature: 270.000000
# Parameters: -15748.183799 1.121369 12.702028 38.154412
  35.335341275600001    -15748.022200764457011
  37.590129175100003    -15748.155504756618029
  39.938853257399998    -15748.191629398843361
  42.383430587600003    -15747.980913042227257
  44.925778230500001    -15747.874479749458260


# Temperature: 280.000000
# Parameters: -15748.187655 1.120714 12.709755 38.153841
  35.335341275600001    -15748.026214794952466
  37.590129175100003    -15748.159323074583881
  39.938853257399998    -15748.195504323306523
  42.383430587600003    -15747.984891223772138
  44.925778230500001    -15747.878607261383877


# Temperature: 290.000000
# Parameters: -15748.191579 1.118793 12.693467 38.154694
  35.335341275600001    -15748.030363613728696
  37.590129175100003    -15748.163280217710053
  39.938853257399998    -15748.199522388609694
  42.383430587600003    -15747.989016544690458
  44.925778230500001    -15747.882885708075264


# Temperature: 300.000000
# Parameters: -15748.195636 1.116790 12.676157 38.155655
  35.335341275600001    -15748.034644952051167
  37.590129175100003    -15748.167373692356705
  39.938853257399998    -15748.203680820241061
  42.383430587600003    -15747.993285948563425
  44.925778230500001    -15747.887311750169829


# Temperature: 310.000000
# Parameters: -15748.199905 1.116606 12.694548 38.154934
  35.335341275600001    -15748.039056549470843
  37.590129175100003    -15748.171601019392256
  39.938853257399998    -15748.207976876852626
  42.383430587600003    -15747.997696437007107
  44.925778230500001    -15747.891882127069039


# Temperature: 320.000000
# Parameters: -15748.204259 1.114554 12.676266 38.155793
  35.335341275600001    -15748.043596163162874
  37.590129175100003    -15748.175959747670277
  39.938853257399998    -15748.212407861663451
  42.383430587600003    -15748.002245072790174
  44.925778230500001    -15747.896593667306661


# Temperature: 330.000000
# Parameters: -15748.208792 1.113977 12.689613 38.155157
  35.335341275600001    -15748.048261568956150
  37.590129175100003    -15748.180447459202696
  39.938853257399998    -15748.216971127641955
  42.383430587600003    -15748.006928989158041
  44.925778230500001    -15747.901443288554219


# Temperature: 340.000000
# Parameters: -15748.213335 1.111570 12.665452 38.156949
  35.335341275600001    -15748.053050573773362
  37.590129175100003    -15748.185061774360292
  39.938853257399998    -15748.221664084756412
  42.383430587600003    -15748.011745393978345
  44.925778230500001    -15747.906427998646905


# Temperature: 350.000000
# Parameters: -15748.218099 1.109973 12.655281 38.157511
  35.335341275600001    -15748.057961014590546
  37.590129175100003    -15748.189800355999978
  39.938853257399998    -15748.226484199982224
  42.383430587600003    -15748.016691566630470
  44.925778230500001    -15747.911544896627674


# Temperature: 360.000000
# Parameters: -15748.223038 1.109993 12.682360 38.156266
  35.335341275600001    -15748.062990766735311
  37.590129175100003    -15748.194660914652559
  39.938853257399998    -15748.231429000405114
  42.383430587600003    -15748.021764864226498
  44.925778230500001    -15747.916791173780439


# Temperature: 370.000000
# Parameters: -15748.227995 1.108076 12.669730 38.157286
  35.335341275600001    -15748.068137742844556
  37.590129175100003    -15748.199641210605478
  39.938853257399998    -15748.236496078408891
  42.383430587600003    -15748.026962718506184
  44.925778230500001    -15747.922164110523227


# Temperature: 380.000000
# Parameters: -15748.233124 1.106908 12.669257 38.157688
  35.335341275600001    -15748.073399898048592
  37.590129175100003    -15748.204739053888261
  39.938853257399998    -15748.241683088557693
  42.383430587600003    -15748.032282638932884
  44.925778230500001    -15747.927661076406366


# Temperature: 390.000000
# Parameters: -15748.238360 1.105811 12.674209 38.157760
  35.335341275600001    -15748.078775228936138
  37.590129175100003    -15748.209952308425272
  39.938853257399998    -15748.246987747606909
  42.383430587600003    -15748.037722208560808
  44.925778230500001    -15747.933279527002014


# Temperature: 400.000000
# Parameters: -15748.243680 1.103891 12.658415 38.159117
  35.335341275600001    -15748.084261778734799
  37.590129175100003    -15748.215278888927060
  39.938853257399998    -15748.252407836565908
  42.383430587600003    -15748.043279082996378
  44.925778230500001    -15747.939016998727311


# Temperature: 410.000000
# Parameters: -15748.249122 1.102351 12.653916 38.159816
  35.335341275600001    -15748.089857632126950
  37.590129175100003    -15748.220716762962184
  39.938853257399998    -15748.257941200705318
  42.383430587600003    -15748.048950992462778
  44.925778230500001    -15747.944871115052592


# Temperature: 420.000000
# Parameters: -15748.254685 1.101102 12.656172 38.160198
  35.335341275600001    -15748.095560921474316
  37.590129175100003    -15748.226263953029047
  39.938853257399998    -15748.263585743334261
  42.383430587600003    -15748.054735734554924
  44.925778230500001    -15747.950839573042686


# Temperature: 430.000000
# Parameters: -15748.260350 1.099399 12.645342 38.161300
  35.335341275600001    -15748.101369821628396
  37.590129175100003    -15748.231918530338589
  39.938853257399998    -15748.269339430984473
  42.383430587600003    -15748.060631177344476
  44.925778230500001    -15747.956920149559664


# Temperature: 440.000000
# Parameters: -15748.266128 1.098020 12.643815 38.161921
  35.335341275600001    -15748.107282554083213
  37.590129175100003    -15748.237678621031591
  39.938853257399998    -15748.275200288228007
  42.383430587600003    -15748.066635255234360
  44.925778230500001    -15747.963110691947804


# Temperature: 450.000000
# Parameters: -15748.271991 1.096358 12.637830 38.162797
  35.335341275600001    -15748.113297384896214
  37.590129175100003    -15748.243542400996375
  39.938853257399998    -15748.281166397675406
  42.383430587600003    -15748.072745964811475
  44.925778230500001    -15747.969409121136778


# Temperature: 460.000000
# Parameters: -15748.277965 1.094835 12.634739 38.163544
  35.335341275600001    -15748.119412622620075
  37.590129175100003    -15748.249508093800614
  39.938853257399998    -15748.287235896868879
  42.383430587600003    -15748.078961367958982
  44.925778230500001    -15747.975813423347063


# Temperature: 470.000000
# Parameters: -15748.284062 1.093529 12.633178 38.164264
  35.335341275600001    -15748.125626620372714
  37.590129175100003    -15748.255573973792707
  39.938853257399998    -15748.293406980352302
  42.383430587600003    -15748.085279583561714
  44.925778230500001    -15747.982321652172686


# Temperature: 480.000000
# Parameters: -15748.290241 1.092146 12.634007 38.164814
  35.335341275600001    -15748.131937772730453
  37.590129175100003    -15748.261738360924937
  39.938853257399998    -15748.299677892420732
  42.383430587600003    -15748.091698790620285
  44.925778230500001    -15747.988931922354823


# Temperature: 490.000000
# Parameters: -15748.296529 1.090871 12.635501 38.165374
  35.335341275600001    -15748.138344514689379
  37.590129175100003    -15748.267999623865762
  39.938853257399998    -15748.306046932299068
  42.383430587600003    -15748.098217222026506
  44.925778230500001    -15747.995642410816799


# Temperature: 500.000000
# Parameters: -15748.302858 1.088508 12.613206 38.167335
  35.335341275600001    -15748.144845324775815
  37.590129175100003    -15748.274356173769775
  39.938853257399998    -15748.312512443777450
  42.383430587600003    -15748.104833167679317
  44.925778230500001    -15748.002451351489071


# Temperature: 510.000000
# Parameters: -15748.309347 1.087315 12.615136 38.167880
  35.335341275600001    -15748.151438718827194
  37.590129175100003    -15748.280806466364083
  39.938853257399998    -15748.319072823504030
  42.383430587600003    -15748.111544966184738
  44.925778230500001    -15748.009357033233755


# Temperature: 520.000000
# Parameters: -15748.315920 1.086249 12.623931 38.168086
  35.335341275600001    -15748.158123251027064
  37.590129175100003    -15748.287348999863752
  39.938853257399998    -15748.325726512694018
  42.383430587600003    -15748.118351007971796
  44.925778230500001    -15748.016357799839170


# Temperature: 530.000000
# Parameters: -15748.322577 1.084754 12.619259 38.169099
  35.335341275600001    -15748.164897515984194
  37.590129175100003    -15748.293982313949527
  39.938853257399998    -15748.332471995054220
  42.383430587600003    -15748.125249731150689
  44.925778230500001    -15748.023452045881641


# Temperature: 540.000000
# Parameters: -15748.329323 1.083467 12.622921 38.169594
  35.335341275600001    -15748.171760141469349
  37.590129175100003    -15748.300704986639175
  39.938853257399998    -15748.339307800933966
  42.383430587600003    -15748.132239619424581
  44.925778230500001    -15748.030638214648206


# Temperature: 550.000000
# Parameters: -15748.336125 1.081242 12.601470 38.171597
  35.335341275600001    -15748.178709792564405
  37.590129175100003    -15748.307515635342497
  39.938853257399998    -15748.346232500065526
  42.383430587600003    -15748.139319202107799
  44.925778230500001    -15748.037914796068435


# Temperature: 560.000000
# Parameters: -15748.343026 1.079588 12.597073 38.172628
  35.335341275600001    -15748.185745168553694
  37.590129175100003    -15748.314412915815410
  39.938853257399998    -15748.353244703635937
  42.383430587600003    -15748.146487049965799
  44.925778230500001    -15748.045280325668500


# Temperature: 570.000000
# Parameters: -15748.350078 1.078971 12.612465 38.172535
  35.335341275600001    -15748.192865001890823
  37.590129175100003    -15748.321395519049474
  39.938853257399998    -15748.360343061181993
  42.383430587600003    -15748.153741776262905
  44.925778230500001    -15748.052733384582098


# Temperature: 580.000000
# Parameters: -15748.357167 1.077517 12.611055 38.173406
  35.335341275600001    -15748.200068058187753
  37.590129175100003    -15748.328462169203704
  39.938853257399998    -15748.367526259549777
  42.383430587600003    -15748.161082033642742
  44.925778230500001    -15748.060272593325863


# Temperature: 590.000000
# Parameters: -15748.364297 1.075339 12.595128 38.175130
  35.335341275600001    -15748.207353134157529
  37.590129175100003    -15748.335611626713217
  39.938853257399998    -15748.374793020830111
  42.383430587600003    -15748.168506513100510
  44.925778230500001    -15748.067896613873017


# Temperature: 600.000000
# Parameters: -15748.371569 1.074008 12.593445 38.176012
  35.335341275600001    -15748.214719055526075
  37.590129175100003    -15748.342842684141942
  39.938853257399998    -15748.382142104417653
  42.383430587600003    -15748.176013940867051
  44.925778230500001    -15748.075604143436067


# Temperature: 610.000000
# Parameters: -15748.378886 1.072517 12.595718 38.176731
  35.335341275600001    -15748.222164681190407
  37.590129175100003    -15748.350154165145796
  39.938853257399998    -15748.389572299765859
  42.383430587600003    -15748.183603081522961
  44.925778230500001    -15748.083393921720926


# Temperature: 620.000000
# Parameters: -15748.386317 1.071253 12.596509 38.177566
  35.335341275600001    -15748.229688895955405
  37.590129175100003    -15748.357544923435853
  39.938853257399998    -15748.397082431569288
  42.383430587600003    -15748.191272729703996
  44.925778230500001    -15748.091264720560503


# Temperature: 630.000000
# Parameters: -15748.393799 1.069779 12.597802 38.178304
  35.335341275600001    -15748.237290611570643
  37.590129175100003    -15748.365013841745167
  39.938853257399998    -15748.404671353537196
  42.383430587600003    -15748.199021716320203
  44.925778230500001    -15748.099215344958793


# Temperature: 640.000000
# Parameters: -15748.401319 1.067184 12.568591 38.180925
  35.335341275600001    -15748.244968769848128
  37.590129175100003    -15748.372559833898777
  39.938853257399998    -15748.412337952551752
  42.383430587600003    -15748.206848902340425
  44.925778230500001    -15748.107244635151801


# Temperature: 650.000000
# Parameters: -15748.409003 1.066386 12.580955 38.181092
  35.335341275600001    -15748.252722336432271
  37.590129175100003    -15748.380181839633224
  39.938853257399998    -15748.420081141399351
  42.383430587600003    -15748.214753177751845
  44.925778230500001    -15748.115351463507977


# Temperature: 660.000000
# Parameters: -15748.416723 1.065003 12.583446 38.181819
  35.335341275600001    -15748.260550301845797
  37.590129175100003    -15748.387878823557912
  39.938853257399998    -15748.427899861890182
  42.383430587600003    -15748.222733465707279
  44.925778230500001    -15748.123534730379106


# Temperature: 670.000000
# Parameters: -15748.424518 1.063503 12.580953 38.182872
  35.335341275600001    -15748.268451681482475
  37.590129175100003    -15748.395649779304222
  39.938853257399998    -15748.435793083814133
  42.383430587600003    -15748.230788713197398
  44.925778230500001    -15748.131793366173952


# Temperature: 680.000000
# Parameters: -15748.432377 1.061892 12.577250 38.183994
  35.335341275600001    -15748.276425515610754
  37.590129175100003    -15748.403493722265921
  39.938853257399998    -15748.443759801839406
  42.383430587600003    -15748.238917896233033
  44.925778230500001    -15748.140126330319617


# Temperature: 690.000000
# Parameters: -15748.440274 1.059488 12.553692 38.186317
  35.335341275600001    -15748.284470866265110
  37.590129175100003    -15748.411409694785107
  39.938853257399998    -15748.451799035507065
  42.383430587600003    -15748.247120018810165
  44.925778230500001    -15748.148532609193353


# Temperature: 700.000000
# Parameters: -15748.448317 1.058478 12.560831 38.186821
  35.335341275600001    -15748.292586818282871
  37.590129175100003    -15748.419396760968084
  39.938853257399998    -15748.459909831302866
  42.383430587600003    -15748.255394106685344
  44.925778230500001    -15748.157011214041631


# Temperature: 710.000000
# Parameters: -15748.456375 1.056713 12.555593 38.188082
  35.335341275600001    -15748.300772476190104
  37.590129175100003    -15748.427454006689004
  39.938853257399998    -15748.468091256445405
  42.383430587600003    -15748.263739213602094
  44.925778230500001    -15748.165561184097896


# Temperature: 720.000000
# Parameters: -15748.464540 1.055504 12.560610 38.188739
  35.335341275600001    -15748.309026967315731
  37.590129175100003    -15748.435580540619412
  39.938853257399998    -15748.476342400950671
  42.383430587600003    -15748.272154414031320
  44.925778230500001    -15748.174181579322976


# Temperature: 730.000000
# Parameters: -15748.472751 1.053813 12.554011 38.190094
  35.335341275600001    -15748.317349439717873
  37.590129175100003    -15748.443775492161876
  39.938853257399998    -15748.484662379711153
  42.383430587600003    -15748.280638806285424
  44.925778230500001    -15748.182871486627846


# Temperature: 740.000000
# Parameters: -15748.481045 1.052527 12.558430 38.190788
  35.335341275600001    -15748.325739057001556
  37.590129175100003    -15748.452038011446348
  39.938853257399998    -15748.493050324201249
  42.383430587600003    -15748.289191511470563
  44.925778230500001    -15748.191630012610403


# Temperature: 750.000000
# Parameters: -15748.489370 1.050416 12.542203 38.192727
  35.335341275600001    -15748.334195006606024
  37.590129175100003    -15748.460367268295158
  39.938853257399998    -15748.501505391806859
  42.383430587600003    -15748.297811670390729
  44.925778230500001    -15748.200456287710040


# Temperature: 760.000000
# Parameters: -15748.497804 1.049255 12.549394 38.193273
  35.335341275600001    -15748.342716491521060
  37.590129175100003    -15748.468762451186194
  39.938853257399998    -15748.510026754423961
  42.383430587600003    -15748.306498444579120
  44.925778230500001    -15748.209349461019883


# Temperature: 770.000000
# Parameters: -15748.506306 1.047946 12.549801 38.194281
  35.335341275600001    -15748.351302732353361
  37.590129175100003    -15748.477222766219711
  39.938853257399998    -15748.518613606747749
  42.383430587600003    -15748.315251015255853
  44.925778230500001    -15748.218308706509561


# Temperature: 780.000000
# Parameters: -15748.514851 1.046422 12.548789 38.195331
  35.335341275600001    -15748.359952968366997
  37.590129175100003    -15748.485747440217892
  39.938853257399998    -15748.527265160058960
  42.383430587600003    -15748.324068584373890
  44.925778230500001    -15748.227333211620135


# Temperature: 790.000000
# Parameters: -15748.523432 1.044359 12.536014 38.197063
  35.335341275600001    -15748.368666455406128
  37.590129175100003    -15748.494335714518456
  39.938853257399998    -15748.535980645328891
  42.383430587600003    -15748.332950371504921
  44.925778230500001    -15748.236422187630524


# Temperature: 800.000000
# Parameters: -15748.532131 1.043173 12.539475 38.197909
  35.335341275600001    -15748.377442463828629
  37.590129175100003    -15748.502986849114677
  39.938853257399998    -15748.544759310112568
  42.383430587600003    -15748.341895611765722
  44.925778230500001    -15748.245574863440197


# Temperature: 810.000000
# Parameters: -15748.540831 1.040813 12.516503 38.200320
  35.335341275600001    -15748.386280281609288
  37.590129175100003    -15748.511700118504450
  39.938853257399998    -15748.553600417508278
  42.383430587600003    -15748.350903562037274
  44.925778230500001    -15748.254790482458702


# Temperature: 820.000000
# Parameters: -15748.549644 1.039706 12.526365 38.200748
  35.335341275600001    -15748.395179210194328
  37.590129175100003    -15748.520474813774854
  39.938853257399998    -15748.562503248240318
  42.383430587600003    -15748.359973491642450
  44.925778230500001    -15748.264068309857976


# Temperature: 830.000000
# Parameters: -15748.558487 1.037693 12.510861 38.202701
  35.335341275600001    -15748.404138567617338
  37.590129175100003    -15748.529310242591237
  39.938853257399998    -15748.571467099607617
  42.383430587600003    -15748.369104688552397
  44.925778230500001    -15748.273407623250023


# Temperature: 840.000000
# Parameters: -15748.567458 1.037343 12.539143 38.202064
  35.335341275600001    -15748.413157686420163
  37.590129175100003    -15748.538205725059015
  39.938853257399998    -15748.580491281354625
  42.383430587600003    -15748.378296456290627
  44.925778230500001    -15748.282807718900585


# Temperature: 850.000000
# Parameters: -15748.576426 1.035672 12.535496 38.203309
  35.335341275600001    -15748.422235909507435
  37.590129175100003    -15748.547160596830508
  39.938853257399998    -15748.589575121872258
  42.383430587600003    -15748.387548112888908
  44.925778230500001    -15748.292267907587302


# Temperature: 860.000000
# Parameters: -15748.585464 1.033916 12.524502 38.205073
  35.335341275600001    -15748.431372598441158
  37.590129175100003    -15748.556174209099481
  39.938853257399998    -15748.598717959923306
  42.383430587600003    -15748.396858990887267
  44.925778230500001    -15748.301787515632896


# Temperature: 870.000000
# Parameters: -15748.594546 1.032102 12.515626 38.206668
  35.335341275600001    -15748.440567124111112
  37.590129175100003    -15748.565245923429757
  39.938853257399998    -15748.607919151885653
  42.383430587600003    -15748.406228437339450
  44.925778230500001    -15748.311365882831524


# Temperature: 880.000000
# Parameters: -15748.603680 1.030259 12.507580 38.208210
  35.335341275600001    -15748.449818871913521
  37.590129175100003    -15748.574375117965246
  39.938853257399998    -15748.617178064505424
  42.383430587600003    -15748.415655814840648
  44.925778230500001    -15748.321002365566528


# Temperature: 890.000000
# Parameters: -15748.612898 1.028782 12.505829 38.209407
  35.335341275600001    -15748.459127238651490
  37.590129175100003    -15748.583561180175820
  39.938853257399998    -15748.626494080070188
  42.383430587600003    -15748.425140496354288
  44.925778230500001    -15748.330696331613581


# Temperature: 900.000000
# Parameters: -15748.622153 1.026855 12.491943 38.211349
  35.335341275600001    -15748.468491633560916
  37.590129175100003    -15748.592803511010061
  39.938853257399998    -15748.635866592268940
  42.383430587600003    -15748.434681869352062
  44.925778230500001    -15748.340447162228884


# Temperature: 910.000000
# Parameters: -15748.631488 1.025715 12.502066 38.211806
  35.335341275600001    -15748.477911479352770
  37.590129175100003    -15748.602101525921171
  39.938853257399998    -15748.645295007234381
  42.383430587600003    -15748.444279334780731
  44.925778230500001    -15748.350254252138257


# Temperature: 920.000000
# Parameters: -15748.640835 1.023499 12.482661 38.214082
  35.335341275600001    -15748.487386205992152
  37.590129175100003    -15748.611454649693769
  39.938853257399998    -15748.654778743526549
  42.383430587600003    -15748.453932303948022
  44.925778230500001    -15748.360117007470762


# Temperature: 930.000000
# Parameters: -15748.650268 1.021987 12.481520 38.215252
  35.335341275600001    -15748.496915258989247
  37.590129175100003    -15748.620862317477076
  39.938853257399998    -15748.664317230077359
  42.383430587600003    -15748.463640202675379
  44.925778230500001    -15748.370034848861906


# Temperature: 940.000000
# Parameters: -15748.659794 1.021026 12.490526 38.215781
  35.335341275600001    -15748.506498092150650
  37.590129175100003    -15748.630323977888111
  39.938853257399998    -15748.673909910325165
  42.383430587600003    -15748.473402465071558
  44.925778230500001    -15748.380007207315430


# Temperature: 950.000000
# Parameters: -15748.669322 1.019508 12.493222 38.216768
  35.335341275600001    -15748.516134169642100
  37.590129175100003    -15748.639839089915768
  39.938853257399998    -15748.683556233927447
  42.383430587600003    -15748.483218538725851
  44.925778230500001    -15748.390033523161037


# Temperature: 960.000000
# Parameters: -15748.678887 1.017402 12.478060 38.218785
  35.335341275600001    -15748.525822965995758
  37.590129175100003    -15748.649407119799434
  39.938853257399998    -15748.693255665051765
  42.383430587600003    -15748.493087881583051
  44.925778230500001    -15748.400113252273513


# Temperature: 970.000000
# Parameters: -15748.688522 1.015647 12.470102 38.220399
  35.335341275600001    -15748.535563967143389
  37.590129175100003    -15748.659027549325401
  39.938853257399998    -15748.703007677191636
  42.383430587600003    -15748.503009961958014
  44.925778230500001    -15748.410245856750407


# Temperature: 980.000000
# Parameters: -15748.698233 1.014294 12.471761 38.221450
  35.335341275600001    -15748.545356666272710
  37.590129175100003    -15748.668699865464077
  39.938853257399998    -15748.712811752136986
  42.383430587600003    -15748.512984258530196
  44.925778230500001    -15748.420430811120241


# Temperature: 990.000000
# Parameters: -15748.708013 1.013299 12.481702 38.222008
  35.335341275600001    -15748.555200569009685
  37.590129175100003    -15748.678423566583660
  39.938853257399998    -15748.722667385147361
  42.383430587600003    -15748.523010260338197
  44.925778230500001    -15748.430667601316600


